<TICKER>;<PER>;<DATE>;<TIME>;<OPEN>;<HIGH>;<LOW>;<CLOSE>;<VOL>
AFLT;60;01/08/19;110000;107.1400000;109.7400000;106.3200000;108.3400000;1257980
AFLT;60;01/08/19;120000;108.3200000;108.5000000;108.1000000;108.2600000;217080
AFLT;60;01/08/19;130000;108.2600000;108.2600000;107.8800000;108.0400000;239750
AFLT;60;01/08/19;140000;108.0400000;108.2000000;107.9800000;108.1200000;88940
AFLT;60;01/08/19;150000;108.1200000;108.1800000;107.7000000;108.0000000;197650
AFLT;60;01/08/19;160000;107.9600000;108.1800000;107.8600000;108.0600000;237770
AFLT;60;01/08/19;170000;108.1200000;108.2600000;107.4400000;108.1800000;992710
AFLT;60;01/08/19;180000;108.1800000;108.2600000;107.7600000;107.9600000;171460
AFLT;60;01/08/19;190000;107.9600000;108.1000000;107.7000000;107.7000000;321090
AFLT;60;02/08/19;110000;105.5800000;106.8600000;104.5000000;106.0800000;1564550
AFLT;60;02/08/19;120000;106.0200000;106.2800000;105.7800000;106.0000000;416850
AFLT;60;02/08/19;130000;106.0200000;106.5000000;106.0200000;106.3800000;178410
AFLT;60;02/08/19;140000;106.3800000;107.0000000;106.0800000;106.7800000;626260
AFLT;60;02/08/19;150000;106.8000000;107.2600000;106.6000000;107.1200000;203340
AFLT;60;02/08/19;160000;107.1200000;107.2600000;106.2200000;106.7200000;487060
AFLT;60;02/08/19;170000;106.7200000;107.0000000;106.2800000;106.7800000;241610
AFLT;60;02/08/19;180000;106.8000000;107.1000000;106.6200000;106.9600000;564480
AFLT;60;02/08/19;190000;106.9000000;107.1000000;106.5200000;106.6200000;525730
AFLT;60;05/08/19;110000;106.2800000;106.8200000;104.8400000;105.1800000;786670
AFLT;60;05/08/19;120000;105.1800000;105.9800000;105.1200000;105.7800000;208920
AFLT;60;05/08/19;130000;105.8400000;106.5000000;105.6600000;106.3800000;171930
AFLT;60;05/08/19;140000;106.3800000;106.5000000;106.0200000;106.1600000;108590
AFLT;60;05/08/19;150000;106.1600000;106.1600000;105.4800000;105.6200000;144820
AFLT;60;05/08/19;160000;105.6200000;105.7000000;105.1400000;105.1400000;191550
AFLT;60;05/08/19;170000;105.1400000;105.1400000;103.6000000;103.8600000;859110
AFLT;60;05/08/19;180000;103.7600000;103.8800000;102.6000000;103.1600000;1804250
AFLT;60;05/08/19;190000;103.1400000;103.7000000;103.1400000;103.5000000;610930
AFLT;60;06/08/19;110000;103.3600000;105.1400000;103.2000000;104.6400000;495430
AFLT;60;06/08/19;120000;104.6400000;104.9000000;104.5000000;104.5400000;149930
AFLT;60;06/08/19;130000;104.5200000;104.9200000;104.4000000;104.9200000;291330
AFLT;60;06/08/19;140000;104.8400000;105.9000000;104.8400000;105.7800000;555700
AFLT;60;06/08/19;150000;105.7800000;106.0000000;105.3400000;105.7200000;450140
AFLT;60;06/08/19;160000;105.8000000;106.0000000;105.5600000;105.8200000;249570
AFLT;60;06/08/19;170000;105.8200000;106.0000000;105.6200000;105.9400000;279420
AFLT;60;06/08/19;180000;105.9800000;106.0000000;105.5200000;105.5200000;700970
AFLT;60;06/08/19;190000;105.5800000;105.5800000;104.6200000;104.7000000;547960
AFLT;60;07/08/19;110000;104.7000000;105.3200000;103.6000000;104.1800000;754260
AFLT;60;07/08/19;120000;104.1800000;104.6000000;104.0000000;104.0800000;274650
AFLT;60;07/08/19;130000;104.0800000;104.8400000;103.9400000;104.7600000;640110
AFLT;60;07/08/19;140000;104.7000000;104.9800000;104.5400000;104.5400000;302630
AFLT;60;07/08/19;150000;104.6200000;104.7000000;104.5400000;104.5400000;141510
AFLT;60;07/08/19;160000;104.5400000;104.6800000;104.1400000;104.1400000;392730
AFLT;60;07/08/19;170000;104.1600000;104.4200000;103.9200000;104.1000000;279140
AFLT;60;07/08/19;180000;104.0600000;105.3000000;104.0400000;105.0000000;703420
AFLT;60;07/08/19;190000;105.0000000;105.8200000;104.9200000;105.2800000;789100
AFLT;60;08/08/19;110000;105.3600000;106.2000000;105.2000000;105.2400000;558070
AFLT;60;08/08/19;120000;105.2400000;106.8400000;105.1200000;106.8000000;627820
AFLT;60;08/08/19;130000;106.7800000;106.8800000;106.1600000;106.5000000;323110
AFLT;60;08/08/19;140000;106.5000000;106.6000000;106.0400000;106.2400000;152810
AFLT;60;08/08/19;150000;106.2600000;106.5000000;106.2200000;106.4600000;178700
AFLT;60;08/08/19;160000;106.4600000;106.5600000;106.2400000;106.4600000;214090
AFLT;60;08/08/19;170000;106.5200000;107.7400000;106.5200000;107.5800000;1071830
AFLT;60;08/08/19;180000;107.5800000;109.0800000;107.4000000;108.9200000;1922910
AFLT;60;08/08/19;190000;108.8800000;108.9400000;108.5800000;108.8800000;1170060
AFLT;60;09/08/19;110000;109.2800000;109.5800000;108.0600000;109.0200000;1166540
AFLT;60;09/08/19;120000;109.0000000;109.4000000;108.7600000;108.9200000;617270
AFLT;60;09/08/19;130000;108.8400000;109.1800000;108.4800000;108.5400000;285190
AFLT;60;09/08/19;140000;108.4800000;108.7600000;107.8400000;108.1200000;288500
AFLT;60;09/08/19;150000;108.2000000;108.2800000;107.6000000;107.6800000;293890
AFLT;60;09/08/19;160000;107.6800000;110.3600000;107.4000000;109.9600000;2275040
AFLT;60;09/08/19;170000;110.0000000;110.0000000;108.7200000;108.9400000;804000
AFLT;60;09/08/19;180000;108.9800000;109.7000000;108.2200000;109.6400000;529900
AFLT;60;09/08/19;190000;109.5800000;109.6000000;108.5200000;108.8000000;416090
AFLT;60;12/08/19;110000;109.1400000;110.0000000;109.1400000;109.9000000;1058720
AFLT;60;12/08/19;120000;109.9400000;111.0000000;109.8600000;110.7000000;1209870
AFLT;60;12/08/19;130000;110.7000000;111.0000000;110.5000000;110.6000000;417130
AFLT;60;12/08/19;140000;110.6400000;110.8600000;110.1400000;110.4000000;290220
AFLT;60;12/08/19;150000;110.3600000;110.5800000;110.0200000;110.3600000;354550
AFLT;60;12/08/19;160000;110.3600000;110.5400000;110.0000000;110.5000000;362570
AFLT;60;12/08/19;170000;110.5200000;110.5800000;110.2800000;110.3200000;107890
AFLT;60;12/08/19;180000;110.3000000;110.3200000;109.7000000;110.0000000;416480
AFLT;60;12/08/19;190000;110.0000000;110.8000000;109.9200000;110.5000000;812210
AFLT;60;13/08/19;110000;110.3000000;111.9600000;110.2800000;111.7000000;1654730
AFLT;60;13/08/19;120000;111.7000000;111.7600000;111.0400000;111.2400000;459000
AFLT;60;13/08/19;130000;111.2200000;111.8000000;110.7000000;111.6400000;1204430
AFLT;60;13/08/19;140000;111.6000000;111.7800000;111.3200000;111.4000000;275710
AFLT;60;13/08/19;150000;111.4600000;111.6400000;111.1000000;111.4400000;330730
AFLT;60;13/08/19;160000;111.4400000;111.4800000;111.2200000;111.3400000;158200
AFLT;60;13/08/19;170000;111.3200000;111.7200000;111.2000000;111.3800000;713470
AFLT;60;13/08/19;180000;111.3800000;111.5600000;110.4000000;110.5400000;817610
AFLT;60;13/08/19;190000;110.6000000;110.9800000;110.0800000;110.3600000;771270
AFLT;60;14/08/19;110000;110.6000000;111.3600000;110.1800000;110.7600000;439500
AFLT;60;14/08/19;120000;110.7400000;110.8600000;110.4400000;110.5400000;247510
AFLT;60;14/08/19;130000;110.5400000;110.7000000;110.5000000;110.6600000;203540
AFLT;60;14/08/19;140000;110.6200000;110.7600000;110.4400000;110.5200000;343850
AFLT;60;14/08/19;150000;110.5200000;110.8000000;110.3600000;110.5200000;641020
AFLT;60;14/08/19;160000;110.5200000;110.9800000;110.3800000;110.9600000;523990
AFLT;60;14/08/19;170000;110.9600000;111.1000000;110.6200000;110.9400000;489870
AFLT;60;14/08/19;180000;110.9000000;111.0000000;110.3400000;110.8800000;775100
AFLT;60;14/08/19;190000;110.7800000;110.9600000;110.5800000;110.8600000;1039680
AFLT;60;15/08/19;110000;110.9800000;112.1600000;110.5000000;111.9400000;1022120
AFLT;60;15/08/19;120000;111.9400000;112.1000000;111.6400000;111.7200000;367260
AFLT;60;15/08/19;130000;111.6800000;111.6800000;110.8800000;111.4000000;541210
AFLT;60;15/08/19;140000;111.3800000;111.4000000;110.8600000;111.2800000;389620
AFLT;60;15/08/19;150000;111.2000000;111.6800000;111.0400000;111.6600000;535510
AFLT;60;15/08/19;160000;111.6600000;112.1200000;111.6600000;112.0200000;803480
AFLT;60;15/08/19;170000;112.0200000;112.4200000;111.8600000;112.2200000;1076790
AFLT;60;15/08/19;180000;112.1800000;112.2200000;111.9400000;112.0000000;635870
AFLT;60;15/08/19;190000;112.0000000;112.3000000;111.9000000;112.3000000;675530
AFLT;60;16/08/19;110000;112.3000000;112.4800000;111.6600000;111.9200000;355220
AFLT;60;16/08/19;120000;111.9200000;111.9600000;110.7000000;111.1200000;687750
AFLT;60;16/08/19;130000;111.1800000;111.1800000;108.8000000;110.2800000;1950300
AFLT;60;16/08/19;140000;110.2000000;110.9600000;109.6600000;110.6000000;764660
AFLT;60;16/08/19;150000;110.6000000;110.8400000;109.8000000;110.5000000;376930
AFLT;60;16/08/19;160000;110.5400000;110.6000000;109.9800000;110.1400000;166910
AFLT;60;16/08/19;170000;110.0800000;110.3200000;109.9400000;110.2000000;299690
AFLT;60;16/08/19;180000;110.2400000;110.7400000;110.2400000;110.6400000;228670
AFLT;60;16/08/19;190000;110.6400000;110.7400000;110.2600000;110.4000000;412370
AFLT;60;19/08/19;110000;110.9800000;111.2600000;109.1800000;110.2600000;495730
AFLT;60;19/08/19;120000;110.2600000;110.5600000;109.5400000;109.7400000;436830
AFLT;60;19/08/19;130000;109.7800000;109.7800000;109.3200000;109.4200000;249290
AFLT;60;19/08/19;140000;109.4600000;109.7000000;109.3400000;109.5000000;280410
AFLT;60;19/08/19;150000;109.5000000;109.7600000;109.4000000;109.4000000;332570
AFLT;60;19/08/19;160000;109.4400000;109.4800000;108.7600000;108.8000000;227680
AFLT;60;19/08/19;170000;108.8000000;109.5000000;108.7600000;109.1600000;156890
AFLT;60;19/08/19;180000;109.1000000;109.3000000;108.8200000;109.0800000;205790
AFLT;60;19/08/19;190000;109.0800000;109.4000000;109.0000000;109.4000000;282160
AFLT;60;20/08/19;110000;109.4800000;109.6000000;108.8800000;109.1800000;339350
AFLT;60;20/08/19;120000;109.1000000;109.1400000;108.2200000;108.9800000;550560
AFLT;60;20/08/19;130000;108.9200000;109.0000000;108.5600000;108.6000000;219890
AFLT;60;20/08/19;140000;108.6000000;108.8600000;108.3200000;108.4400000;206030
AFLT;60;20/08/19;150000;108.4000000;108.5000000;108.3200000;108.4200000;64290
AFLT;60;20/08/19;160000;108.4200000;108.9400000;108.3200000;108.8200000;392090
AFLT;60;20/08/19;170000;108.8200000;109.4400000;108.8000000;109.1800000;404740
AFLT;60;20/08/19;180000;109.1800000;109.3800000;108.4400000;108.8200000;854840
AFLT;60;20/08/19;190000;108.8200000;109.5600000;108.8000000;109.2400000;437670
AFLT;60;21/08/19;110000;109.0400000;110.5800000;108.7000000;110.1000000;661180
AFLT;60;21/08/19;120000;110.1000000;110.3000000;109.8000000;110.2200000;272760
AFLT;60;21/08/19;130000;110.1800000;110.7000000;109.8000000;110.5000000;449620
AFLT;60;21/08/19;140000;110.5000000;110.7800000;110.4600000;110.7000000;148340
AFLT;60;21/08/19;150000;110.6400000;111.7000000;110.5000000;111.4400000;567160
AFLT;60;21/08/19;160000;111.4400000;111.5200000;110.9000000;111.1000000;187320
AFLT;60;21/08/19;170000;111.1000000;111.2400000;110.9200000;111.0400000;344760
AFLT;60;21/08/19;180000;111.0400000;111.2000000;110.8800000;111.1600000;677220
AFLT;60;21/08/19;190000;111.1800000;111.3400000;110.8800000;111.3000000;509900
AFLT;60;22/08/19;110000;111.3200000;111.8400000;102.0000000;109.1200000;4210660
AFLT;60;22/08/19;120000;109.1200000;109.9400000;109.1000000;109.4200000;842450
AFLT;60;22/08/19;130000;109.4200000;109.4800000;107.8400000;108.3200000;1326690
AFLT;60;22/08/19;140000;108.3600000;108.9600000;108.1600000;108.6800000;402040
AFLT;60;22/08/19;150000;108.7000000;109.1800000;108.5000000;108.9800000;294300
AFLT;60;22/08/19;160000;108.9400000;109.1200000;108.9000000;109.1000000;257720
AFLT;60;22/08/19;170000;109.1000000;109.3800000;108.9400000;109.2800000;184450
AFLT;60;22/08/19;180000;109.2800000;109.3400000;108.9000000;109.2200000;521120
AFLT;60;22/08/19;190000;109.2200000;110.0200000;109.0400000;110.0000000;905080
AFLT;60;23/08/19;110000;110.0600000;110.3600000;108.5200000;108.5200000;514570
AFLT;60;23/08/19;120000;108.5800000;108.9600000;108.3200000;108.7800000;171930
AFLT;60;23/08/19;130000;108.8400000;108.8400000;108.3800000;108.4600000;304850
AFLT;60;23/08/19;140000;108.5000000;109.0000000;108.4000000;108.4800000;347550
AFLT;60;23/08/19;150000;108.6600000;109.2800000;108.6600000;109.1200000;317810
AFLT;60;23/08/19;160000;109.1200000;109.2000000;108.7400000;108.9800000;264280
AFLT;60;23/08/19;170000;108.9000000;108.9800000;108.6200000;108.7600000;116130
AFLT;60;23/08/19;180000;108.7600000;109.8400000;108.7600000;109.3400000;367080
AFLT;60;23/08/19;190000;109.3200000;109.3200000;108.5600000;108.5600000;491350
AFLT;60;26/08/19;110000;108.4800000;109.0200000;107.6000000;108.2600000;331250
AFLT;60;26/08/19;120000;108.2200000;109.5200000;108.0800000;109.3200000;374260
AFLT;60;26/08/19;130000;109.3600000;109.3600000;108.7400000;108.8600000;332160
AFLT;60;26/08/19;140000;108.8600000;108.9600000;108.4600000;108.8000000;292550
AFLT;60;26/08/19;150000;108.8000000;109.0800000;108.7200000;108.8600000;58050
AFLT;60;26/08/19;160000;108.8800000;108.9000000;108.7400000;108.8400000;70600
AFLT;60;26/08/19;170000;108.8400000;108.9400000;108.7200000;108.8800000;60190
AFLT;60;26/08/19;180000;108.8800000;109.0600000;108.8800000;108.9400000;116370
AFLT;60;26/08/19;190000;108.9400000;109.3800000;108.9000000;109.3800000;341170
AFLT;60;27/08/19;110000;109.3000000;109.4200000;108.6000000;108.6600000;347010
AFLT;60;27/08/19;120000;108.6600000;109.0000000;108.5400000;108.8600000;239280
AFLT;60;27/08/19;130000;108.8600000;108.9200000;108.5400000;108.7000000;196370
AFLT;60;27/08/19;140000;108.7400000;109.0400000;108.5600000;108.9000000;183770
AFLT;60;27/08/19;150000;108.9000000;109.6800000;108.9000000;109.5800000;801040
AFLT;60;27/08/19;160000;109.5800000;109.6200000;109.3800000;109.5200000;223160
AFLT;60;27/08/19;170000;109.5400000;109.6800000;109.4000000;109.5200000;244180
AFLT;60;27/08/19;180000;109.5200000;109.7800000;109.3200000;109.5200000;359910
AFLT;60;27/08/19;190000;109.5200000;109.8400000;109.0200000;109.0200000;1810410
AFLT;60;28/08/19;110000;108.8600000;109.6000000;108.8600000;109.0000000;340900
AFLT;60;28/08/19;120000;108.9800000;109.0000000;108.7000000;108.8800000;530470
AFLT;60;28/08/19;130000;108.8800000;109.2400000;108.7400000;109.2400000;868440
AFLT;60;28/08/19;140000;109.2400000;109.2400000;108.7200000;108.8600000;165610
AFLT;60;28/08/19;150000;108.9000000;109.3200000;108.8200000;109.1600000;662860
AFLT;60;28/08/19;160000;109.1600000;109.6000000;108.9600000;109.4200000;574710
AFLT;60;28/08/19;170000;109.4200000;109.4400000;109.1000000;109.2000000;191850
AFLT;60;28/08/19;180000;109.1400000;109.2200000;108.8200000;108.8600000;443220
AFLT;60;28/08/19;190000;108.9000000;109.4000000;108.9000000;109.4000000;378880
AFLT;60;29/08/19;110000;109.5000000;109.7000000;109.1000000;109.3400000;363710
AFLT;60;29/08/19;120000;109.3200000;109.4400000;109.0400000;109.1000000;122820
AFLT;60;29/08/19;130000;109.1000000;109.3000000;108.9600000;109.1800000;223490
AFLT;60;29/08/19;140000;109.1800000;109.3000000;109.0600000;109.1200000;107140
AFLT;60;29/08/19;150000;109.0800000;109.5000000;109.0200000;109.2800000;265860
AFLT;60;29/08/19;160000;109.2800000;109.3600000;109.1000000;109.2800000;395130
AFLT;60;29/08/19;170000;109.2800000;109.5000000;109.1400000;109.1800000;508580
AFLT;60;29/08/19;180000;109.1800000;109.3800000;108.5600000;109.3000000;739090
AFLT;60;29/08/19;190000;109.3400000;109.3400000;108.8800000;109.0000000;706610
AFLT;60;30/08/19;110000;108.7800000;110.3000000;108.5200000;110.1000000;1309300
AFLT;60;30/08/19;120000;110.1000000;110.3200000;109.7200000;109.8000000;495500
AFLT;60;30/08/19;130000;109.8600000;110.0000000;109.5200000;109.9000000;280040
AFLT;60;30/08/19;140000;109.8800000;109.8800000;108.9000000;109.2200000;490840
AFLT;60;30/08/19;150000;109.2200000;109.2200000;108.6200000;108.8000000;341890
AFLT;60;30/08/19;160000;108.7600000;108.8400000;108.3000000;108.7200000;563390
AFLT;60;30/08/19;170000;108.7200000;108.7200000;107.7200000;107.9400000;785480
AFLT;60;30/08/19;180000;107.9200000;108.2800000;107.7200000;108.1400000;654450
AFLT;60;30/08/19;190000;108.1400000;109.7400000;107.9000000;109.7400000;3186940
AFLT;60;02/09/19;110000;109.5600000;109.7400000;109.0000000;109.1000000;498300
AFLT;60;02/09/19;120000;109.1400000;109.1400000;108.6000000;108.8600000;237940
AFLT;60;02/09/19;130000;108.8600000;109.1200000;108.8000000;108.9600000;231960
AFLT;60;02/09/19;140000;108.9000000;109.0400000;108.7800000;108.8800000;147080
AFLT;60;02/09/19;150000;108.8200000;108.9000000;108.7800000;108.8800000;114530
AFLT;60;02/09/19;160000;108.9000000;108.9000000;108.4000000;108.4400000;253770
AFLT;60;02/09/19;170000;108.4400000;108.5000000;107.8600000;108.0000000;820310
AFLT;60;02/09/19;180000;108.0000000;108.1400000;107.8000000;107.9400000;1223660
AFLT;60;02/09/19;190000;107.9800000;108.0600000;107.8000000;107.8400000;706560
AFLT;60;03/09/19;110000;107.8000000;108.0000000;106.9800000;107.6400000;518860
AFLT;60;03/09/19;120000;107.5800000;107.6200000;106.6200000;106.7800000;822800
AFLT;60;03/09/19;130000;106.7800000;106.9800000;105.2000000;105.8400000;2234730
AFLT;60;03/09/19;140000;105.8600000;105.9800000;104.9000000;105.6600000;1579990
AFLT;60;03/09/19;150000;105.6600000;105.9000000;105.2400000;105.3600000;590560
AFLT;60;03/09/19;160000;105.3600000;105.9000000;105.2600000;105.5800000;644900
AFLT;60;03/09/19;170000;105.5800000;105.8200000;105.4400000;105.6000000;488560
AFLT;60;03/09/19;180000;105.6000000;105.9600000;105.5600000;105.7400000;472350
AFLT;60;03/09/19;190000;105.7400000;106.7200000;105.7400000;106.5200000;589670
AFLT;60;04/09/19;110000;106.4400000;106.7600000;105.6400000;105.9400000;491670
AFLT;60;04/09/19;120000;105.9400000;105.9400000;104.7000000;105.1600000;1161110
AFLT;60;04/09/19;130000;105.1600000;105.4000000;105.0000000;105.2600000;587760
AFLT;60;04/09/19;140000;105.2600000;105.6600000;105.1000000;105.6000000;453230
AFLT;60;04/09/19;150000;105.5800000;106.0600000;105.2000000;105.9800000;582410
AFLT;60;04/09/19;160000;105.9800000;106.0000000;105.5200000;105.5400000;220570
AFLT;60;04/09/19;170000;105.5600000;106.0600000;105.3800000;105.7000000;291730
AFLT;60;04/09/19;180000;105.7000000;105.8200000;105.2400000;105.6000000;403120
AFLT;60;04/09/19;190000;105.5800000;106.2200000;105.5000000;106.2200000;573700
AFLT;60;05/09/19;110000;106.2200000;106.3000000;105.7200000;106.0000000;550220
AFLT;60;05/09/19;120000;105.9600000;106.0800000;105.3000000;105.4600000;488720
AFLT;60;05/09/19;130000;105.5800000;105.6800000;105.4000000;105.6200000;189850
AFLT;60;05/09/19;140000;105.6600000;106.1400000;105.4400000;105.9000000;634250
AFLT;60;05/09/19;150000;105.8400000;105.9400000;105.6600000;105.8000000;205280
AFLT;60;05/09/19;160000;105.8600000;105.9400000;105.7000000;105.9200000;106900
AFLT;60;05/09/19;170000;105.9200000;105.9200000;105.5200000;105.8000000;270480
AFLT;60;05/09/19;180000;105.8400000;105.9400000;105.7600000;105.8400000;165070
AFLT;60;05/09/19;190000;105.8200000;105.9000000;105.6000000;105.8600000;277270
AFLT;60;06/09/19;110000;105.8600000;105.9400000;104.8600000;105.3000000;844470
AFLT;60;06/09/19;120000;105.2600000;105.4200000;105.1000000;105.4200000;183790
AFLT;60;06/09/19;130000;105.4200000;105.7400000;105.3000000;105.6000000;133430
AFLT;60;06/09/19;140000;105.6000000;105.6600000;104.9200000;105.0600000;375580
AFLT;60;06/09/19;150000;105.0600000;105.3400000;105.0200000;105.1200000;80600
AFLT;60;06/09/19;160000;105.1200000;105.2400000;104.9000000;105.1000000;142530
AFLT;60;06/09/19;170000;105.1000000;105.2200000;104.9200000;104.9800000;268230
AFLT;60;06/09/19;180000;104.9600000;105.1400000;104.4000000;104.9800000;723280
AFLT;60;06/09/19;190000;104.9800000;105.1000000;104.4800000;104.4800000;553760
AFLT;60;09/09/19;110000;104.7200000;105.5000000;104.7200000;105.2200000;416940
AFLT;60;09/09/19;120000;105.2000000;105.2800000;105.0400000;105.0600000;172150
AFLT;60;09/09/19;130000;105.0400000;105.1600000;105.0400000;105.0800000;123290
AFLT;60;09/09/19;140000;105.0800000;105.1000000;105.0400000;105.1000000;106780
AFLT;60;09/09/19;150000;105.0600000;105.1000000;105.0400000;105.0800000;130020
AFLT;60;09/09/19;160000;105.0400000;106.0800000;104.9000000;105.8400000;758580
AFLT;60;09/09/19;170000;105.8400000;106.0800000;105.7600000;105.8800000;409060
AFLT;60;09/09/19;180000;105.8800000;106.3400000;105.8400000;106.2600000;596080
AFLT;60;09/09/19;190000;106.2600000;106.5800000;106.0000000;106.3800000;1198760
AFLT;60;10/09/19;110000;106.4600000;107.2400000;106.2000000;106.2800000;874210
AFLT;60;10/09/19;120000;106.2800000;106.3400000;105.7000000;105.7800000;469340
AFLT;60;10/09/19;130000;105.7800000;105.9800000;105.6000000;105.7800000;202200
AFLT;60;10/09/19;140000;105.7800000;105.9000000;105.6600000;105.8200000;81410
AFLT;60;10/09/19;150000;105.8200000;106.4400000;105.7400000;106.3200000;429920
AFLT;60;10/09/19;160000;106.2600000;106.3800000;106.0200000;106.2000000;285980
AFLT;60;10/09/19;170000;106.1600000;106.2400000;105.5600000;105.6400000;303910
AFLT;60;10/09/19;180000;105.6000000;105.8400000;105.5800000;105.6400000;159950
AFLT;60;10/09/19;190000;105.6200000;106.0400000;105.6000000;105.7000000;218610
AFLT;60;11/09/19;110000;105.7200000;106.5000000;105.7200000;106.2400000;326800
AFLT;60;11/09/19;120000;106.3200000;106.6800000;106.1800000;106.6200000;271650
AFLT;60;11/09/19;130000;106.5600000;106.7000000;106.1200000;106.2000000;272980
AFLT;60;11/09/19;140000;106.1800000;106.5000000;106.1000000;106.3000000;428960
AFLT;60;11/09/19;150000;106.3200000;106.5400000;106.2600000;106.4200000;150000
AFLT;60;11/09/19;160000;106.4200000;106.5000000;106.2800000;106.4800000;43390
AFLT;60;11/09/19;170000;106.4800000;106.5600000;106.4000000;106.5400000;106920
AFLT;60;11/09/19;180000;106.5000000;106.5200000;105.8800000;106.4400000;300940
AFLT;60;11/09/19;190000;106.4400000;106.6000000;106.4200000;106.5000000;308530
AFLT;60;12/09/19;110000;106.8000000;106.8000000;105.7000000;106.0200000;412470
AFLT;60;12/09/19;120000;106.0800000;106.3200000;106.0000000;106.2200000;136400
AFLT;60;12/09/19;130000;106.2200000;106.2800000;106.0000000;106.1600000;178240
AFLT;60;12/09/19;140000;106.1600000;106.4400000;106.0000000;106.3400000;140740
AFLT;60;12/09/19;150000;106.3800000;106.6000000;106.0600000;106.3000000;151190
AFLT;60;12/09/19;160000;106.3000000;106.3000000;106.0000000;106.1200000;135240
AFLT;60;12/09/19;170000;106.1200000;106.5400000;106.0200000;106.4400000;226590
AFLT;60;12/09/19;180000;106.4400000;106.6400000;106.0200000;106.3000000;261030
AFLT;60;12/09/19;190000;106.3200000;106.3600000;106.0000000;106.3600000;399010
AFLT;60;13/09/19;110000;106.5600000;107.3200000;106.1000000;107.0200000;617370
AFLT;60;13/09/19;120000;107.0200000;107.2000000;106.7200000;106.9200000;216690
AFLT;60;13/09/19;130000;106.8800000;107.2400000;106.5600000;106.8000000;207300
AFLT;60;13/09/19;140000;106.8000000;106.9000000;106.5000000;106.9000000;194850
AFLT;60;13/09/19;150000;106.8800000;106.9000000;106.2400000;106.3200000;239850
AFLT;60;13/09/19;160000;106.3200000;106.5200000;106.2200000;106.4400000;132180
AFLT;60;13/09/19;170000;106.4400000;106.7000000;106.3000000;106.5200000;86160
AFLT;60;13/09/19;180000;106.5200000;106.5800000;106.3000000;106.3800000;88810
AFLT;60;13/09/19;190000;106.3800000;106.5000000;106.2200000;106.4600000;120970
AFLT;60;16/09/19;110000;106.0200000;106.0200000;103.5200000;104.2200000;3337180
AFLT;60;16/09/19;120000;104.2200000;104.2400000;103.6000000;103.7400000;1253700
AFLT;60;16/09/19;130000;103.7400000;103.8400000;102.6000000;102.9800000;3105060
AFLT;60;16/09/19;140000;102.9400000;103.4800000;102.9400000;103.1000000;870500
AFLT;60;16/09/19;150000;103.1000000;103.7400000;103.0000000;103.4800000;736460
AFLT;60;16/09/19;160000;103.5000000;103.6000000;102.6200000;102.7000000;1510130
AFLT;60;16/09/19;170000;102.7000000;102.9800000;102.3600000;102.4000000;1620520
AFLT;60;16/09/19;180000;102.4000000;102.7000000;102.2600000;102.3200000;2413200
AFLT;60;16/09/19;190000;102.3200000;102.3600000;102.0600000;102.0600000;2107960
AFLT;60;17/09/19;110000;102.0200000;104.3600000;101.5600000;102.7200000;1961460
AFLT;60;17/09/19;120000;102.6800000;102.7400000;102.3000000;102.5600000;713670
AFLT;60;17/09/19;130000;102.5600000;103.0000000;102.5200000;102.8200000;515320
AFLT;60;17/09/19;140000;102.8200000;103.1200000;102.8200000;103.0200000;500860
AFLT;60;17/09/19;150000;103.0400000;103.2200000;102.9200000;103.0400000;659670
AFLT;60;17/09/19;160000;103.0600000;103.2200000;102.5600000;102.6800000;760770
AFLT;60;17/09/19;170000;102.6800000;103.2600000;102.6000000;102.8400000;1129390
AFLT;60;17/09/19;180000;102.8400000;103.6600000;102.7000000;103.3200000;1860380
AFLT;60;17/09/19;190000;103.3600000;103.5400000;102.5000000;102.6000000;1852060
AFLT;60;18/09/19;110000;103.3200000;103.3200000;102.5200000;102.9800000;891630
AFLT;60;18/09/19;120000;102.9400000;103.1000000;102.8200000;103.0000000;326160
AFLT;60;18/09/19;130000;103.0400000;103.1000000;102.8400000;102.9600000;309960
AFLT;60;18/09/19;140000;102.9600000;103.0600000;102.8000000;102.8600000;294330
AFLT;60;18/09/19;150000;102.9200000;102.9600000;102.6600000;102.7200000;250310
AFLT;60;18/09/19;160000;102.6800000;103.0000000;102.6200000;102.7200000;746580
AFLT;60;18/09/19;170000;102.7200000;102.7600000;102.5000000;102.7000000;277680
AFLT;60;18/09/19;180000;102.7400000;102.7400000;102.1200000;102.4200000;591660
AFLT;60;18/09/19;190000;102.4200000;102.6800000;102.4000000;102.5000000;387940
AFLT;60;19/09/19;110000;102.6400000;103.0800000;102.5800000;102.8000000;1014440
AFLT;60;19/09/19;120000;102.8000000;102.9600000;102.6200000;102.6800000;372720
AFLT;60;19/09/19;130000;102.6800000;102.7800000;102.0400000;102.2600000;733430
AFLT;60;19/09/19;140000;102.2400000;102.3400000;102.0000000;102.0200000;626660
AFLT;60;19/09/19;150000;102.0400000;102.1000000;101.7000000;101.9800000;722640
AFLT;60;19/09/19;160000;102.0400000;102.5600000;101.8000000;102.3200000;913990
AFLT;60;19/09/19;170000;102.3200000;102.4800000;102.0200000;102.0200000;240050
AFLT;60;19/09/19;180000;102.0600000;102.0600000;101.6000000;101.8600000;575820
AFLT;60;19/09/19;190000;101.8800000;102.0000000;101.8200000;101.9000000;231410
AFLT;60;20/09/19;110000;102.0400000;102.2800000;101.6600000;101.8200000;289160
AFLT;60;20/09/19;120000;101.8200000;102.1800000;101.7400000;102.1200000;213900
AFLT;60;20/09/19;130000;102.0600000;102.1800000;101.9000000;102.0000000;101550
AFLT;60;20/09/19;140000;102.0600000;102.1000000;102.0000000;102.0200000;66930
AFLT;60;20/09/19;150000;102.0600000;102.1000000;102.0000000;102.0400000;145150
AFLT;60;20/09/19;160000;102.0800000;102.6200000;102.0200000;102.5000000;356260
AFLT;60;20/09/19;170000;102.4800000;103.0000000;102.3000000;102.7600000;517970
AFLT;60;20/09/19;180000;102.7800000;102.9600000;102.6200000;102.7200000;501220
AFLT;60;20/09/19;190000;102.7800000;102.8800000;102.2200000;102.6400000;982910
AFLT;60;23/09/19;110000;102.8000000;102.9400000;101.6600000;102.1600000;778200
AFLT;60;23/09/19;120000;102.1600000;102.2400000;101.7600000;102.0800000;389830
AFLT;60;23/09/19;130000;102.0800000;102.2200000;101.8200000;102.0800000;168130
AFLT;60;23/09/19;140000;102.1000000;102.2800000;101.9400000;102.2600000;123110
AFLT;60;23/09/19;150000;102.2600000;102.3000000;102.0800000;102.1000000;96740
AFLT;60;23/09/19;160000;102.1400000;102.3800000;102.0000000;102.3400000;262230
AFLT;60;23/09/19;170000;102.3600000;102.3800000;102.0000000;102.0800000;173240
AFLT;60;23/09/19;180000;102.1200000;102.5800000;102.0800000;102.4200000;269710
AFLT;60;23/09/19;190000;102.4400000;102.7200000;102.2800000;102.3600000;194200
AFLT;60;24/09/19;110000;102.6000000;102.8800000;102.3000000;102.8600000;372990
AFLT;60;24/09/19;120000;102.8600000;102.9200000;102.5200000;102.6000000;203630
AFLT;60;24/09/19;130000;102.6000000;102.6600000;102.4000000;102.4000000;242180
AFLT;60;24/09/19;140000;102.4000000;102.6600000;102.4000000;102.6000000;112960
AFLT;60;24/09/19;150000;102.6000000;102.9000000;102.5800000;102.8400000;135560
AFLT;60;24/09/19;160000;102.8400000;103.1600000;102.8200000;102.9800000;332870
AFLT;60;24/09/19;170000;102.9400000;102.9800000;102.7000000;102.7000000;85850
AFLT;60;24/09/19;180000;102.7000000;102.7400000;101.9600000;101.9800000;379310
AFLT;60;24/09/19;190000;101.9800000;102.2600000;101.7000000;101.7000000;380870
AFLT;60;25/09/19;110000;101.8600000;102.6600000;101.2400000;101.4800000;622170
AFLT;60;25/09/19;120000;101.4600000;102.3000000;101.3000000;102.0600000;332810
AFLT;60;25/09/19;130000;102.0600000;102.5000000;101.8400000;102.4400000;243980
AFLT;60;25/09/19;140000;102.3800000;102.4800000;102.2000000;102.4000000;119160
AFLT;60;25/09/19;150000;102.4600000;102.6000000;102.2400000;102.3400000;214630
AFLT;60;25/09/19;160000;102.3800000;102.3800000;102.1800000;102.3200000;130410
AFLT;60;25/09/19;170000;102.3600000;102.3800000;102.0000000;102.2000000;213360
AFLT;60;25/09/19;180000;102.1600000;102.4000000;102.0600000;102.3400000;188000
AFLT;60;25/09/19;190000;102.3400000;102.3800000;102.0000000;102.0000000;295610
AFLT;60;26/09/19;110000;102.3800000;102.7000000;102.1400000;102.5400000;286140
AFLT;60;26/09/19;120000;102.5600000;102.8000000;102.4600000;102.5000000;204520
AFLT;60;26/09/19;130000;102.5400000;102.6400000;102.4200000;102.4800000;109880
AFLT;60;26/09/19;140000;102.4800000;102.6800000;102.4000000;102.6600000;149820
AFLT;60;26/09/19;150000;102.6400000;103.3000000;102.6400000;102.8400000;671990
AFLT;60;26/09/19;160000;102.8400000;103.2800000;102.7600000;103.1200000;384670
AFLT;60;26/09/19;170000;103.1200000;103.1800000;102.7000000;102.7400000;277880
AFLT;60;26/09/19;180000;102.7600000;103.3200000;102.7600000;103.1400000;424470
AFLT;60;26/09/19;190000;103.1400000;103.1600000;102.5600000;102.9800000;482940
AFLT;60;27/09/19;110000;102.7600000;103.2000000;102.6800000;102.7600000;281590
AFLT;60;27/09/19;120000;102.7800000;103.2600000;102.7600000;103.2000000;195010
AFLT;60;27/09/19;130000;103.2000000;103.3000000;102.9600000;102.9800000;120680
AFLT;60;27/09/19;140000;102.9600000;103.1000000;102.8400000;103.1000000;284770
AFLT;60;27/09/19;150000;103.1000000;103.6800000;103.0000000;103.5000000;617170
AFLT;60;27/09/19;160000;103.5200000;104.2600000;103.4800000;104.0600000;1461620
AFLT;60;27/09/19;170000;104.0600000;104.1600000;103.7200000;103.8400000;379450
AFLT;60;27/09/19;180000;103.8800000;104.0600000;103.6000000;103.6800000;433150
AFLT;60;27/09/19;190000;103.6800000;103.8400000;103.2200000;103.4000000;533930
AFLT;60;30/09/19;110000;103.8600000;104.1000000;103.2200000;103.2400000;369460
AFLT;60;30/09/19;120000;103.3000000;103.7400000;102.9400000;103.6000000;259620
AFLT;60;30/09/19;130000;103.6400000;103.6800000;103.4400000;103.4600000;77610
AFLT;60;30/09/19;140000;103.4200000;103.6600000;103.3200000;103.5200000;68350
AFLT;60;30/09/19;150000;103.6000000;103.6600000;103.4600000;103.4800000;83420
AFLT;60;30/09/19;160000;103.4400000;103.5000000;103.4000000;103.4200000;132540
AFLT;60;30/09/19;170000;103.4200000;103.4600000;102.9600000;103.0400000;227870
AFLT;60;30/09/19;180000;103.0400000;103.7400000;102.7400000;103.3000000;637730
AFLT;60;30/09/19;190000;103.3000000;103.7200000;103.1800000;103.1800000;653020
AFLT;60;01/10/19;110000;103.7600000;103.9200000;103.3400000;103.7000000;325140
AFLT;60;01/10/19;120000;103.7200000;103.9600000;103.5400000;103.5600000;353340
AFLT;60;01/10/19;130000;103.6200000;103.7600000;103.2400000;103.4600000;187360
AFLT;60;01/10/19;140000;103.4600000;103.6800000;103.3600000;103.6200000;121230
AFLT;60;01/10/19;150000;103.6200000;103.7800000;103.3600000;103.3800000;122490
AFLT;60;01/10/19;160000;103.3800000;103.6000000;103.3800000;103.4800000;94440
AFLT;60;01/10/19;170000;103.4800000;103.6600000;103.3000000;103.5600000;146780
AFLT;60;01/10/19;180000;103.5600000;103.9600000;103.5000000;103.8200000;713250
AFLT;60;01/10/19;190000;103.8600000;103.9600000;103.3800000;103.5000000;416570
AFLT;60;02/10/19;110000;103.5000000;103.8800000;102.7600000;103.0200000;459050
AFLT;60;02/10/19;120000;103.0600000;103.4000000;102.9000000;103.2200000;248630
AFLT;60;02/10/19;130000;103.2200000;103.4000000;103.1600000;103.2800000;230380
AFLT;60;02/10/19;140000;103.2400000;103.4000000;102.8800000;103.0000000;282790
AFLT;60;02/10/19;150000;102.9600000;103.3000000;102.8000000;103.1200000;315000
AFLT;60;02/10/19;160000;103.1200000;103.5000000;103.0400000;103.1000000;299500
AFLT;60;02/10/19;170000;103.1800000;103.2800000;102.7800000;102.8000000;329200
AFLT;60;02/10/19;180000;102.9000000;103.2000000;102.5400000;102.7600000;485260
AFLT;60;02/10/19;190000;102.7600000;103.0000000;102.2000000;102.6000000;665850
AFLT;60;03/10/19;110000;102.2400000;102.6000000;100.5000000;101.2800000;1149790
AFLT;60;03/10/19;120000;101.3200000;101.6400000;101.1200000;101.1400000;367930
AFLT;60;03/10/19;130000;101.1400000;101.4800000;100.9000000;100.9800000;638550
AFLT;60;03/10/19;140000;100.9800000;101.3400000;100.9400000;101.2600000;188080
AFLT;60;03/10/19;150000;101.2600000;101.3200000;101.0600000;101.1200000;93060
AFLT;60;03/10/19;160000;101.1200000;101.1200000;100.9600000;100.9800000;152130
AFLT;60;03/10/19;170000;100.9800000;101.2800000;100.8000000;101.1600000;336090
AFLT;60;03/10/19;180000;101.1600000;101.1600000;100.1400000;100.2800000;675960
AFLT;60;03/10/19;190000;100.2200000;100.7000000;100.2200000;100.3400000;399940
AFLT;60;04/10/19;110000;100.9800000;101.4200000;100.4600000;101.1200000;266550
AFLT;60;04/10/19;120000;101.1400000;101.2000000;100.5200000;100.7000000;363840
AFLT;60;04/10/19;130000;100.7400000;100.8000000;100.4000000;100.5400000;151070
AFLT;60;04/10/19;140000;100.5400000;100.5800000;100.0000000;100.2200000;512920
AFLT;60;04/10/19;150000;100.1600000;100.1600000;99.4400000;99.9200000;607730
AFLT;60;04/10/19;160000;99.9000000;100.1600000;99.8600000;99.9800000;279060
AFLT;60;04/10/19;170000;99.9000000;100.1600000;99.9000000;100.0600000;160040
AFLT;60;04/10/19;180000;100.0600000;100.0600000;99.6000000;99.6800000;489720
AFLT;60;04/10/19;190000;99.6200000;99.7800000;99.2000000;99.3000000;602920
AFLT;60;07/10/19;110000;99.6600000;99.6600000;98.0800000;98.8000000;1057210
AFLT;60;07/10/19;120000;98.8600000;99.2800000;98.7000000;99.2000000;419960
AFLT;60;07/10/19;130000;99.2000000;99.6200000;99.0000000;99.5600000;395310
AFLT;60;07/10/19;140000;99.5400000;99.8000000;99.5000000;99.7400000;297320
AFLT;60;07/10/19;150000;99.7800000;100.1800000;99.4400000;99.9600000;580460
AFLT;60;07/10/19;160000;99.9600000;100.2200000;99.7800000;100.0600000;163110
AFLT;60;07/10/19;170000;100.0400000;100.1200000;99.8600000;99.8800000;192680
AFLT;60;07/10/19;180000;99.8600000;99.8800000;99.3000000;99.6800000;290490
AFLT;60;07/10/19;190000;99.6200000;99.6800000;99.1200000;99.2600000;466670
AFLT;60;08/10/19;110000;99.3200000;100.6800000;99.3200000;100.0800000;629970
AFLT;60;08/10/19;120000;100.1200000;100.3600000;99.8400000;99.8600000;261290
AFLT;60;08/10/19;130000;99.8800000;99.9800000;99.6400000;99.7000000;157540
AFLT;60;08/10/19;140000;99.7000000;99.7600000;99.1200000;99.3200000;397720
AFLT;60;08/10/19;150000;99.3600000;99.6800000;99.2600000;99.3200000;310090
AFLT;60;08/10/19;160000;99.3400000;99.4800000;99.2600000;99.4600000;158850
AFLT;60;08/10/19;170000;99.4600000;99.6400000;99.4000000;99.4200000;102210
AFLT;60;08/10/19;180000;99.4400000;99.5000000;99.3000000;99.4400000;123880
AFLT;60;08/10/19;190000;99.4600000;99.5000000;99.1200000;99.5000000;216370
AFLT;60;09/10/19;110000;99.5000000;100.5000000;99.3400000;100.1400000;457190
AFLT;60;09/10/19;120000;100.1600000;101.0800000;100.1200000;100.8600000;799060
AFLT;60;09/10/19;130000;100.9000000;100.9000000;100.6200000;100.7200000;229300
AFLT;60;09/10/19;140000;100.7000000;100.9800000;100.6000000;100.6800000;224970
AFLT;60;09/10/19;150000;100.7000000;100.9800000;100.5800000;100.9600000;167120
AFLT;60;09/10/19;160000;100.9800000;101.5200000;100.9200000;101.2800000;666010
AFLT;60;09/10/19;170000;101.2800000;101.4800000;100.9600000;101.0600000;256500
AFLT;60;09/10/19;180000;101.0200000;101.0600000;99.7600000;100.0400000;657180
AFLT;60;09/10/19;190000;100.0800000;100.2600000;100.0000000;100.0200000;411130
AFLT;60;10/10/19;110000;100.2000000;100.5800000;99.8200000;100.5200000;294820
AFLT;60;10/10/19;120000;100.5000000;100.5200000;100.1200000;100.3000000;97660
AFLT;60;10/10/19;130000;100.2800000;100.3200000;100.1000000;100.2000000;49880
AFLT;60;10/10/19;140000;100.2000000;100.2400000;100.1000000;100.1400000;49880
AFLT;60;10/10/19;150000;100.1600000;100.4600000;100.1200000;100.3800000;134460
AFLT;60;10/10/19;160000;100.3600000;100.4800000;100.2200000;100.4400000;47610
AFLT;60;10/10/19;170000;100.4800000;100.5400000;100.3000000;100.4400000;77660
AFLT;60;10/10/19;180000;100.4800000;101.0000000;100.4800000;100.9400000;150570
AFLT;60;10/10/19;190000;101.0000000;101.3200000;100.8600000;101.2600000;686630
AFLT;60;11/10/19;110000;101.6600000;101.8600000;100.8000000;100.8000000;456290
AFLT;60;11/10/19;120000;100.8800000;101.1600000;100.7400000;100.8000000;161840
AFLT;60;11/10/19;130000;100.8000000;100.8600000;100.6000000;100.7000000;103310
AFLT;60;11/10/19;140000;100.6400000;101.0800000;100.6000000;100.8600000;81930
AFLT;60;11/10/19;150000;100.8600000;101.0000000;100.7000000;100.9000000;53110
AFLT;60;11/10/19;160000;100.9000000;100.9800000;100.7000000;100.7200000;91950
AFLT;60;11/10/19;170000;100.7200000;100.8000000;100.1000000;100.2200000;313210
AFLT;60;11/10/19;180000;100.1800000;100.3200000;100.0000000;100.0400000;317070
AFLT;60;11/10/19;190000;100.0400000;100.2000000;100.0000000;100.1800000;140010
AFLT;60;14/10/19;110000;100.3800000;100.5200000;98.4600000;99.5000000;1070020
AFLT;60;14/10/19;120000;99.4200000;99.5000000;99.0000000;99.0400000;289550
AFLT;60;14/10/19;130000;99.0400000;99.4600000;99.0200000;99.4600000;114830
AFLT;60;14/10/19;140000;99.4400000;101.8000000;99.1200000;101.7200000;1437050
AFLT;60;14/10/19;150000;101.6400000;103.3800000;101.2400000;103.2400000;1869050
AFLT;60;14/10/19;160000;103.2000000;103.2400000;102.5000000;102.7800000;702240
AFLT;60;14/10/19;170000;102.8000000;103.2000000;101.5600000;102.0200000;2295470
AFLT;60;14/10/19;180000;102.0400000;102.9200000;102.0200000;102.8200000;608110
AFLT;60;14/10/19;190000;102.8000000;102.8400000;102.4600000;102.8000000;265120
AFLT;60;15/10/19;110000;102.8000000;103.6600000;101.8400000;103.4200000;905510
AFLT;60;15/10/19;120000;103.4600000;103.5000000;102.6200000;103.2200000;634880
AFLT;60;15/10/19;130000;103.2200000;103.3000000;102.7000000;103.2400000;376320
AFLT;60;15/10/19;140000;103.2000000;104.0400000;102.7000000;104.0200000;1061750
AFLT;60;15/10/19;150000;104.0200000;104.1000000;103.1600000;103.5600000;737770
AFLT;60;15/10/19;160000;103.5000000;103.6200000;103.1800000;103.3200000;435990
AFLT;60;15/10/19;170000;103.3600000;103.5800000;103.0000000;103.0400000;332560
AFLT;60;15/10/19;180000;103.0400000;103.4000000;103.0200000;103.3400000;257330
AFLT;60;15/10/19;190000;103.3400000;103.4000000;103.0000000;103.2000000;362500
AFLT;60;16/10/19;110000;103.4200000;103.6400000;102.8200000;102.8600000;822700
AFLT;60;16/10/19;120000;102.9000000;103.8200000;102.7800000;103.6400000;731940
AFLT;60;16/10/19;130000;103.6200000;103.8800000;103.6000000;103.6600000;232520
AFLT;60;16/10/19;140000;103.6600000;103.8400000;103.6200000;103.6400000;245780
AFLT;60;16/10/19;150000;103.6600000;104.1400000;103.5000000;103.6400000;879130
AFLT;60;16/10/19;160000;103.6200000;103.8200000;103.5000000;103.5000000;503240
AFLT;60;16/10/19;170000;103.5200000;104.7000000;103.5000000;104.3000000;1025510
AFLT;60;16/10/19;180000;104.2800000;104.4800000;104.1200000;104.3200000;380140
AFLT;60;16/10/19;190000;104.3200000;104.6000000;104.3000000;104.3400000;593480
AFLT;60;17/10/19;110000;104.3400000;105.3800000;104.0200000;105.2600000;1074870
AFLT;60;17/10/19;120000;105.2600000;105.3400000;104.7200000;105.1600000;655090
AFLT;60;17/10/19;130000;105.1600000;106.0400000;105.1000000;105.8800000;986860
AFLT;60;17/10/19;140000;105.8800000;106.1000000;105.6400000;106.0200000;850910
AFLT;60;17/10/19;150000;106.0200000;106.1000000;105.1600000;105.2600000;663880
AFLT;60;17/10/19;160000;105.2600000;105.4600000;105.1800000;105.2800000;124910
AFLT;60;17/10/19;170000;105.2800000;105.5000000;105.1600000;105.3000000;144000
AFLT;60;17/10/19;180000;105.3000000;105.3400000;104.9200000;105.3200000;367710
AFLT;60;17/10/19;190000;105.3400000;105.8800000;105.1600000;105.8800000;423830
AFLT;60;18/10/19;110000;105.5000000;106.0200000;105.1600000;105.7400000;710700
AFLT;60;18/10/19;120000;105.7200000;105.8400000;104.8400000;105.1800000;1141160
AFLT;60;18/10/19;130000;105.2000000;105.2400000;104.7800000;104.9400000;386480
AFLT;60;18/10/19;140000;104.9600000;105.0400000;104.2000000;104.2000000;553750
AFLT;60;18/10/19;150000;104.2000000;104.8400000;104.1800000;104.8000000;331310
AFLT;60;18/10/19;160000;104.7600000;105.0800000;104.3400000;104.4800000;421090
AFLT;60;18/10/19;170000;104.5400000;104.6600000;104.2600000;104.4600000;406750
AFLT;60;18/10/19;180000;104.4400000;104.6600000;104.3200000;104.4400000;178540
AFLT;60;18/10/19;190000;104.4400000;104.8000000;104.2800000;104.8000000;568950
AFLT;60;21/10/19;110000;104.9000000;105.4000000;104.2800000;105.1600000;621960
AFLT;60;21/10/19;120000;105.1800000;105.3000000;104.8800000;105.1600000;437780
AFLT;60;21/10/19;130000;105.1600000;105.3200000;104.9200000;105.0000000;276140
AFLT;60;21/10/19;140000;105.0600000;105.1600000;104.8800000;104.8800000;176730
AFLT;60;21/10/19;150000;104.9200000;105.1400000;104.8800000;104.9800000;114050
AFLT;60;21/10/19;160000;104.9200000;105.2000000;104.9000000;105.0400000;135580
AFLT;60;21/10/19;170000;105.0600000;105.0600000;104.8800000;104.9200000;135170
AFLT;60;21/10/19;180000;105.0000000;105.1200000;104.9000000;105.0000000;117380
AFLT;60;21/10/19;190000;105.0000000;105.0000000;104.6600000;104.8000000;377820
AFLT;60;22/10/19;110000;104.6000000;105.0800000;104.3000000;104.4400000;679720
AFLT;60;22/10/19;120000;104.4800000;104.6800000;104.3400000;104.5000000;257560
AFLT;60;22/10/19;130000;104.5000000;104.8200000;104.0600000;104.0800000;770780
AFLT;60;22/10/19;140000;104.0600000;104.0800000;103.7000000;103.7600000;701340
AFLT;60;22/10/19;150000;103.7800000;103.9200000;103.7600000;103.7800000;241930
AFLT;60;22/10/19;160000;103.7800000;103.9000000;103.3000000;103.7000000;927700
AFLT;60;22/10/19;170000;103.6800000;103.7800000;103.5200000;103.6200000;341220
AFLT;60;22/10/19;180000;103.6200000;103.6600000;103.5000000;103.6600000;318920
AFLT;60;22/10/19;190000;103.6600000;103.9200000;103.3800000;103.5000000;599490
AFLT;60;23/10/19;110000;103.4600000;104.2600000;103.2000000;104.2600000;633250
AFLT;60;23/10/19;120000;104.2400000;104.2600000;103.9400000;104.1400000;399440
AFLT;60;23/10/19;130000;104.1600000;104.3600000;104.0800000;104.3200000;382260
AFLT;60;23/10/19;140000;104.3200000;104.6800000;104.1800000;104.4000000;722750
AFLT;60;23/10/19;150000;104.4000000;104.4800000;104.1800000;104.2600000;352000
AFLT;60;23/10/19;160000;104.2600000;104.4200000;103.7200000;104.2400000;309410
AFLT;60;23/10/19;170000;104.2400000;104.5600000;104.1000000;104.5200000;330990
AFLT;60;23/10/19;180000;104.5200000;104.5200000;103.8200000;103.9800000;348570
AFLT;60;23/10/19;190000;103.9800000;104.0000000;103.4800000;103.5000000;308870
AFLT;60;24/10/19;110000;103.8000000;103.9800000;103.2800000;103.4800000;531620
AFLT;60;24/10/19;120000;103.4800000;104.5800000;103.4000000;103.9200000;682700
AFLT;60;24/10/19;130000;103.9800000;104.3600000;103.7400000;103.9000000;310880
AFLT;60;24/10/19;140000;103.9000000;104.2000000;103.8400000;104.1000000;113120
AFLT;60;24/10/19;150000;104.0400000;104.1200000;103.6400000;103.9800000;165180
AFLT;60;24/10/19;160000;103.9200000;104.0600000;103.4000000;103.7000000;240860
AFLT;60;24/10/19;170000;103.7000000;104.0600000;103.4600000;103.7400000;530250
AFLT;60;24/10/19;180000;103.7600000;103.8800000;103.2800000;103.2800000;433540
AFLT;60;24/10/19;190000;103.3000000;103.3400000;102.7200000;103.0000000;565170
AFLT;60;25/10/19;110000;103.3000000;103.3200000;102.7200000;102.9200000;428760
AFLT;60;25/10/19;120000;102.9200000;103.0200000;102.7400000;102.8200000;233680
AFLT;60;25/10/19;130000;102.8200000;102.8400000;102.3400000;102.6400000;296580
AFLT;60;25/10/19;140000;102.5800000;103.0600000;102.5600000;103.0600000;195980
AFLT;60;25/10/19;150000;103.0600000;103.5000000;103.0200000;103.3400000;141810
AFLT;60;25/10/19;160000;103.3400000;103.4000000;102.8600000;102.8800000;340110
AFLT;60;25/10/19;170000;102.8800000;102.9800000;102.8600000;102.8800000;221320
AFLT;60;25/10/19;180000;102.8800000;102.9800000;102.6800000;102.7600000;182450
AFLT;60;25/10/19;190000;102.7600000;102.9400000;102.6600000;102.8000000;225010
AFLT;60;28/10/19;110000;103.0400000;103.4800000;103.0400000;103.1200000;328690
AFLT;60;28/10/19;120000;103.1200000;103.1800000;102.8800000;103.0400000;226520
AFLT;60;28/10/19;130000;103.0400000;103.1600000;102.8000000;103.0200000;445990
AFLT;60;28/10/19;140000;103.0800000;103.1400000;102.9000000;103.0800000;202230
AFLT;60;28/10/19;150000;103.0800000;103.1200000;102.7400000;103.0400000;293100
AFLT;60;28/10/19;160000;103.0400000;103.1000000;102.9000000;103.0600000;93530
AFLT;60;28/10/19;170000;103.0200000;103.1200000;102.9000000;103.0600000;395380
AFLT;60;28/10/19;180000;103.0600000;103.0800000;102.4600000;102.8600000;803420
AFLT;60;28/10/19;190000;102.8000000;103.0000000;102.7200000;103.0000000;402990
AFLT;60;29/10/19;110000;103.1000000;104.3800000;103.0400000;104.3200000;1084960
AFLT;60;29/10/19;120000;104.2600000;105.2000000;104.0800000;104.8600000;1103040
AFLT;60;29/10/19;130000;104.8400000;104.9800000;104.1200000;104.2400000;443790
AFLT;60;29/10/19;140000;104.2600000;104.6600000;103.9200000;104.6400000;392120
AFLT;60;29/10/19;150000;104.6400000;104.8800000;104.5400000;104.8000000;402670
AFLT;60;29/10/19;160000;104.8000000;105.3000000;104.6200000;105.1200000;569510
AFLT;60;29/10/19;170000;105.1400000;105.1600000;104.6400000;104.6600000;231470
AFLT;60;29/10/19;180000;104.6400000;104.7000000;104.3000000;104.3600000;312420
AFLT;60;29/10/19;190000;104.3600000;104.6000000;104.2000000;104.5000000;721520
AFLT;60;30/10/19;110000;104.5000000;104.6600000;104.3400000;104.4800000;225870
AFLT;60;30/10/19;120000;104.4000000;105.3000000;104.4000000;105.2000000;636270
AFLT;60;30/10/19;130000;105.1800000;105.2800000;105.0800000;105.0800000;392990
AFLT;60;30/10/19;140000;105.0800000;105.8800000;105.0800000;105.6400000;612800
AFLT;60;30/10/19;150000;105.6400000;105.8800000;105.2200000;105.4600000;547840
AFLT;60;30/10/19;160000;105.4800000;105.8000000;105.4000000;105.7600000;464590
AFLT;60;30/10/19;170000;105.7400000;105.9400000;105.5000000;105.8400000;421100
AFLT;60;30/10/19;180000;105.8000000;105.9200000;105.5000000;105.8200000;242120
AFLT;60;30/10/19;190000;105.8000000;105.8200000;105.2800000;105.8000000;431220
AFLT;60;31/10/19;110000;105.8400000;106.8800000;105.7000000;106.7000000;780450
AFLT;60;31/10/19;120000;106.7000000;107.3600000;106.4400000;107.2000000;865860
AFLT;60;31/10/19;130000;107.2200000;107.4800000;106.2600000;106.5000000;885820
AFLT;60;31/10/19;140000;106.4800000;106.9800000;106.3800000;106.9800000;235200
AFLT;60;31/10/19;150000;106.9800000;107.9200000;106.8600000;107.8600000;1109480
AFLT;60;31/10/19;160000;107.8600000;107.9400000;106.6000000;107.3800000;1273420
AFLT;60;31/10/19;170000;107.3800000;107.4000000;106.7200000;107.0600000;562700
AFLT;60;31/10/19;180000;107.0600000;107.2400000;106.5000000;107.1400000;605570
AFLT;60;31/10/19;190000;107.1200000;107.5000000;106.5800000;106.9000000;1161910
AFLT;60;01/11/19;110000;107.0200000;107.2600000;106.0200000;106.5000000;1385350
AFLT;60;01/11/19;120000;106.5000000;106.6800000;106.3200000;106.4400000;486190
AFLT;60;01/11/19;130000;106.4800000;106.5600000;106.2000000;106.3000000;382610
AFLT;60;01/11/19;140000;106.2600000;106.5000000;106.0600000;106.1200000;412240
AFLT;60;01/11/19;150000;106.1200000;106.1800000;105.0600000;105.6600000;1146880
AFLT;60;01/11/19;160000;105.6200000;106.0600000;105.6000000;105.7000000;900380
AFLT;60;01/11/19;170000;105.7000000;105.7000000;105.2200000;105.2600000;804310
AFLT;60;01/11/19;180000;105.2600000;105.4600000;104.6600000;104.8400000;677950
AFLT;60;01/11/19;190000;104.8600000;105.9800000;104.8200000;105.2600000;712850
AFLT;60;05/11/19;110000;105.6800000;107.3000000;104.8000000;106.4000000;938950
AFLT;60;05/11/19;120000;106.4000000;106.7000000;106.0600000;106.5200000;584750
AFLT;60;05/11/19;130000;106.5200000;107.1400000;106.5200000;107.0800000;566570
AFLT;60;05/11/19;140000;107.0800000;107.3400000;106.9000000;107.0600000;532040
AFLT;60;05/11/19;150000;107.1000000;107.1000000;106.4600000;106.5000000;405520
AFLT;60;05/11/19;160000;106.5600000;106.8000000;106.5200000;106.6800000;161310
AFLT;60;05/11/19;170000;106.6200000;106.6800000;105.9400000;106.2400000;311110
AFLT;60;05/11/19;180000;106.2800000;106.8600000;106.2400000;106.7200000;263180
AFLT;60;05/11/19;190000;106.7000000;106.7200000;106.0400000;106.0400000;252730
AFLT;60;06/11/19;110000;106.2400000;106.6200000;106.0000000;106.3400000;335370
AFLT;60;06/11/19;120000;106.3600000;106.8800000;106.0600000;106.6600000;364180
AFLT;60;06/11/19;130000;106.7200000;106.8200000;106.0400000;106.1400000;279320
AFLT;60;06/11/19;140000;106.2000000;106.4400000;106.1000000;106.4400000;139480
AFLT;60;06/11/19;150000;106.4400000;106.4800000;105.6800000;105.9000000;500370
AFLT;60;06/11/19;160000;105.9000000;106.2200000;105.7600000;106.2000000;247990
AFLT;60;06/11/19;170000;106.1600000;106.3600000;106.0000000;106.3200000;169780
AFLT;60;06/11/19;180000;106.3400000;106.3400000;106.1000000;106.1200000;136570
AFLT;60;06/11/19;190000;106.1200000;106.2200000;106.1000000;106.2200000;260770
AFLT;60;07/11/19;110000;106.3000000;107.2000000;106.3000000;106.8800000;677050
AFLT;60;07/11/19;120000;106.8800000;106.9400000;106.6800000;106.8000000;141270
AFLT;60;07/11/19;130000;106.8000000;106.9200000;106.7600000;106.8600000;107990
AFLT;60;07/11/19;140000;106.8600000;107.2600000;106.7800000;106.9000000;371270
AFLT;60;07/11/19;150000;106.9000000;107.1800000;106.7600000;106.9000000;564670
AFLT;60;07/11/19;160000;106.9600000;106.9600000;106.4000000;106.6400000;455690
AFLT;60;07/11/19;170000;106.6000000;106.7600000;106.4400000;106.6600000;161890
AFLT;60;07/11/19;180000;106.6600000;106.6800000;106.1400000;106.2200000;253390
AFLT;60;07/11/19;190000;106.2200000;106.5800000;106.1000000;106.3400000;243440
AFLT;60;08/11/19;110000;106.3600000;106.8000000;106.1000000;106.2400000;280720
AFLT;60;08/11/19;120000;106.2400000;106.2600000;105.5200000;105.6400000;442540
AFLT;60;08/11/19;130000;105.6400000;105.8200000;105.3200000;105.7400000;294220
AFLT;60;08/11/19;140000;105.7400000;106.1000000;105.6400000;106.0400000;206080
AFLT;60;08/11/19;150000;106.0000000;106.1200000;105.9000000;105.9600000;100480
AFLT;60;08/11/19;160000;106.0000000;106.2600000;105.9600000;106.0600000;108930
AFLT;60;08/11/19;170000;106.0600000;106.2000000;106.0000000;106.1200000;169730
AFLT;60;08/11/19;180000;106.1200000;106.4200000;105.8000000;106.1800000;325980
AFLT;60;08/11/19;190000;106.1600000;106.4000000;106.0200000;106.1600000;394590
AFLT;60;11/11/19;110000;106.0000000;106.3600000;105.5600000;106.3200000;273120
AFLT;60;11/11/19;120000;106.3000000;106.7200000;105.6400000;105.6600000;420240
AFLT;60;11/11/19;130000;105.6400000;105.7400000;105.4800000;105.5200000;200770
AFLT;60;11/11/19;140000;105.5200000;105.6000000;105.2200000;105.3600000;166500
AFLT;60;11/11/19;150000;105.3800000;105.6000000;105.3200000;105.4000000;207200
AFLT;60;11/11/19;160000;105.4000000;105.5800000;105.3200000;105.3200000;292460
AFLT;60;11/11/19;170000;105.3600000;105.5000000;105.3200000;105.3600000;283710
AFLT;60;11/11/19;180000;105.4000000;105.4000000;104.4800000;105.0400000;812660
AFLT;60;11/11/19;190000;105.0400000;105.0600000;103.8400000;104.5800000;1245780
AFLT;60;12/11/19;110000;104.1600000;105.1400000;104.1600000;105.1000000;383880
AFLT;60;12/11/19;120000;105.1000000;105.2000000;104.6600000;104.8000000;409400
AFLT;60;12/11/19;130000;104.8000000;104.9600000;104.0200000;104.4200000;903470
AFLT;60;12/11/19;140000;104.4400000;104.8400000;104.3000000;104.5000000;298320
AFLT;60;12/11/19;150000;104.5000000;104.7600000;104.4000000;104.7600000;177880
AFLT;60;12/11/19;160000;104.7200000;104.9000000;104.4800000;104.5400000;220070
AFLT;60;12/11/19;170000;104.5800000;104.6000000;104.1800000;104.4600000;325920
AFLT;60;12/11/19;180000;104.4800000;104.5800000;103.8000000;104.0000000;528240
AFLT;60;12/11/19;190000;104.0000000;104.3400000;104.0000000;104.3400000;297510
AFLT;60;13/11/19;110000;104.1000000;104.7200000;103.6000000;104.5400000;522930
AFLT;60;13/11/19;120000;104.5400000;105.3600000;104.3800000;104.7600000;614340
AFLT;60;13/11/19;130000;104.7600000;104.9600000;103.9400000;104.4600000;504250
AFLT;60;13/11/19;140000;104.4200000;104.6000000;104.2000000;104.2400000;133400
AFLT;60;13/11/19;150000;104.2400000;104.3600000;104.1400000;104.2800000;87430
AFLT;60;13/11/19;160000;104.2600000;104.4400000;104.1000000;104.1000000;138690
AFLT;60;13/11/19;170000;104.1000000;104.1800000;103.9000000;104.0600000;113460
AFLT;60;13/11/19;180000;104.0600000;104.5000000;103.9200000;104.2000000;237560
AFLT;60;13/11/19;190000;104.2000000;104.3200000;104.0000000;104.0000000;313660
AFLT;60;14/11/19;110000;104.6000000;104.8600000;104.1400000;104.6400000;335960
AFLT;60;14/11/19;120000;104.6400000;105.1600000;104.5600000;105.1200000;426840
AFLT;60;14/11/19;130000;105.1400000;105.2000000;104.7600000;105.1000000;284660
AFLT;60;14/11/19;140000;105.1200000;105.3800000;104.8200000;104.8200000;331820
AFLT;60;14/11/19;150000;104.8600000;105.0600000;104.5400000;104.6600000;360870
AFLT;60;14/11/19;160000;104.6600000;105.0600000;104.5400000;104.8000000;284870
AFLT;60;14/11/19;170000;104.8200000;104.9800000;104.5000000;104.5400000;278750
AFLT;60;14/11/19;180000;104.5400000;105.0000000;104.5000000;104.9600000;398320
AFLT;60;14/11/19;190000;104.9400000;105.3000000;104.9000000;105.2800000;443360
AFLT;60;15/11/19;110000;105.3200000;105.5000000;104.9400000;105.0000000;182180
AFLT;60;15/11/19;120000;105.0000000;105.3000000;104.5400000;104.8200000;511450
AFLT;60;15/11/19;130000;104.8200000;104.9400000;104.5600000;104.6800000;157130
AFLT;60;15/11/19;140000;104.6600000;105.1800000;104.5600000;105.1800000;206170
AFLT;60;15/11/19;150000;105.1400000;106.1000000;105.0800000;106.0600000;569600
AFLT;60;15/11/19;160000;106.1000000;106.2200000;105.5600000;105.5600000;213580
AFLT;60;15/11/19;170000;105.6000000;105.7000000;105.5200000;105.7000000;184610
AFLT;60;15/11/19;180000;105.7000000;105.7000000;105.2600000;105.5000000;197450
AFLT;60;15/11/19;190000;105.4800000;105.6000000;105.3200000;105.4000000;236690
AFLT;60;18/11/19;110000;105.5800000;106.1800000;105.4200000;105.9000000;390040
AFLT;60;18/11/19;120000;105.9200000;106.6000000;105.9000000;106.4600000;378810
AFLT;60;18/11/19;130000;106.4600000;106.5000000;106.0000000;106.2600000;249000
AFLT;60;18/11/19;140000;106.2600000;106.3000000;106.0800000;106.1800000;178990
AFLT;60;18/11/19;150000;106.1600000;106.3000000;106.0200000;106.2200000;106180
AFLT;60;18/11/19;160000;106.2800000;106.3000000;106.1200000;106.1800000;136180
AFLT;60;18/11/19;170000;106.2200000;106.2200000;105.5000000;105.9400000;379550
AFLT;60;18/11/19;180000;105.9400000;106.0800000;105.7000000;105.8200000;151300
AFLT;60;18/11/19;190000;105.8200000;106.8000000;105.6200000;106.8000000;843300
AFLT;60;19/11/19;110000;106.7200000;107.0000000;106.2600000;106.4000000;283620
AFLT;60;19/11/19;120000;106.4000000;106.6800000;106.3400000;106.6000000;98870
AFLT;60;19/11/19;130000;106.6200000;106.7600000;106.2800000;106.7400000;220360
AFLT;60;19/11/19;140000;106.7400000;106.7600000;106.3000000;106.4000000;94340
AFLT;60;19/11/19;150000;106.3800000;106.4800000;105.9200000;106.4400000;296790
AFLT;60;19/11/19;160000;106.4400000;106.5000000;105.9000000;106.1600000;159350
AFLT;60;19/11/19;170000;106.1600000;106.3000000;106.0000000;106.1200000;285490
AFLT;60;19/11/19;180000;106.0800000;106.1600000;105.7200000;105.8600000;355570
AFLT;60;19/11/19;190000;105.9200000;106.3400000;105.8400000;106.1000000;161230
AFLT;60;20/11/19;110000;104.9400000;105.3600000;103.9400000;104.2400000;1234430
AFLT;60;20/11/19;120000;104.2400000;104.5800000;103.6400000;104.2000000;1260140
AFLT;60;20/11/19;130000;104.1600000;104.7000000;103.9000000;104.6400000;631890
AFLT;60;20/11/19;140000;104.6000000;104.8200000;104.5600000;104.8200000;145890
AFLT;60;20/11/19;150000;104.8200000;104.9000000;104.4800000;104.6400000;272310
AFLT;60;20/11/19;160000;104.6200000;104.8000000;104.4800000;104.7800000;138700
AFLT;60;20/11/19;170000;104.7800000;104.8800000;104.4800000;104.5000000;167710
AFLT;60;20/11/19;180000;104.5000000;105.0000000;104.5000000;104.8000000;416540
AFLT;60;20/11/19;190000;104.8000000;104.9400000;104.2000000;104.2000000;500760
AFLT;60;21/11/19;110000;104.1200000;104.7600000;104.0000000;104.7600000;298820
AFLT;60;21/11/19;120000;104.7400000;104.7400000;104.3800000;104.5400000;116050
AFLT;60;21/11/19;130000;104.5400000;104.6000000;104.3000000;104.3800000;217000
AFLT;60;21/11/19;140000;104.3400000;104.6800000;104.3200000;104.5600000;73230
AFLT;60;21/11/19;150000;104.5600000;104.8600000;104.4800000;104.7800000;150530
AFLT;60;21/11/19;160000;104.7800000;104.7800000;104.4000000;104.4000000;71890
AFLT;60;21/11/19;170000;104.4200000;104.6000000;104.3000000;104.3600000;67630
AFLT;60;21/11/19;180000;104.3600000;104.4600000;104.1800000;104.4600000;113540
AFLT;60;21/11/19;190000;104.4000000;104.8000000;104.3600000;104.4600000;201340
AFLT;60;22/11/19;110000;104.6600000;105.2600000;104.4800000;104.8200000;284040
AFLT;60;22/11/19;120000;104.8200000;105.1000000;104.7600000;104.9400000;205440
AFLT;60;22/11/19;130000;105.0000000;105.0000000;104.7200000;104.9200000;98380
AFLT;60;22/11/19;140000;104.9800000;105.4800000;104.9000000;104.9800000;240030
AFLT;60;22/11/19;150000;104.9800000;105.0000000;104.7200000;104.9800000;76960
AFLT;60;22/11/19;160000;104.9800000;105.0000000;104.8000000;104.9800000;111030
AFLT;60;22/11/19;170000;104.9800000;104.9800000;104.4000000;104.5400000;280090
AFLT;60;22/11/19;180000;104.5400000;105.0200000;104.5400000;104.8600000;180370
AFLT;60;22/11/19;190000;104.8000000;105.0800000;104.6400000;104.6600000;299380
AFLT;60;25/11/19;110000;105.1000000;105.7800000;104.8800000;105.5600000;341910
AFLT;60;25/11/19;120000;105.5600000;105.5600000;105.2400000;105.2800000;196500
AFLT;60;25/11/19;130000;105.2800000;105.3000000;105.1600000;105.2400000;167980
AFLT;60;25/11/19;140000;105.2400000;105.2400000;104.8800000;105.0800000;155000
AFLT;60;25/11/19;150000;105.0800000;105.1600000;104.8800000;105.0000000;154570
AFLT;60;25/11/19;160000;105.0200000;105.5200000;104.9800000;105.5000000;196540
AFLT;60;25/11/19;170000;105.5000000;105.5600000;105.3800000;105.4200000;250420
AFLT;60;25/11/19;180000;105.4200000;105.5600000;105.3800000;105.4200000;314890
AFLT;60;25/11/19;190000;105.4800000;105.5600000;105.4000000;105.5000000;231310
AFLT;60;26/11/19;110000;105.5800000;106.2200000;105.5800000;106.1800000;600900
AFLT;60;26/11/19;120000;106.1800000;106.3600000;106.0200000;106.1600000;327170
AFLT;60;26/11/19;130000;106.1600000;106.2400000;106.0000000;106.2000000;451930
AFLT;60;26/11/19;140000;106.2400000;106.2600000;106.0000000;106.0800000;98940
AFLT;60;26/11/19;150000;106.0200000;106.0800000;105.7600000;105.9800000;309900
AFLT;60;26/11/19;160000;105.9600000;106.0000000;105.8800000;105.9600000;87880
AFLT;60;26/11/19;170000;106.0000000;106.0600000;105.9000000;106.0200000;130640
AFLT;60;26/11/19;180000;106.0000000;106.1200000;105.8800000;106.0000000;292040
AFLT;60;26/11/19;190000;105.9800000;106.0200000;105.2800000;105.2800000;1656070
AFLT;60;27/11/19;110000;105.5800000;105.9600000;105.3200000;105.8000000;290500
AFLT;60;27/11/19;120000;105.8400000;105.9000000;105.5000000;105.7400000;225180
AFLT;60;27/11/19;130000;105.7800000;105.7800000;105.3600000;105.5400000;134950
AFLT;60;27/11/19;140000;105.5400000;105.6000000;105.4000000;105.5200000;103720
AFLT;60;27/11/19;150000;105.5000000;105.7200000;105.4000000;105.4400000;104280
AFLT;60;27/11/19;160000;105.4200000;105.5400000;105.3200000;105.4600000;200040
AFLT;60;27/11/19;170000;105.4800000;105.5000000;105.2000000;105.2600000;267000
AFLT;60;27/11/19;180000;105.2600000;105.6800000;105.2600000;105.4800000;283520
AFLT;60;27/11/19;190000;105.4800000;105.8000000;105.4200000;105.4200000;215510
AFLT;60;28/11/19;110000;105.6000000;106.0600000;105.4000000;105.5400000;303830
AFLT;60;28/11/19;120000;105.4800000;105.8000000;105.2000000;105.3000000;135680
AFLT;60;28/11/19;130000;105.3000000;105.4000000;105.1800000;105.4000000;215760
AFLT;60;28/11/19;140000;105.3400000;105.5000000;105.3200000;105.4600000;73490
AFLT;60;28/11/19;150000;105.4600000;105.4600000;105.2600000;105.2600000;51250
AFLT;60;28/11/19;160000;105.2600000;105.3200000;104.7600000;105.0600000;373350
AFLT;60;28/11/19;170000;105.0000000;105.1800000;104.9400000;105.0600000;83280
AFLT;60;28/11/19;180000;105.0200000;105.1600000;104.9600000;105.0000000;88140
AFLT;60;28/11/19;190000;105.0000000;105.0400000;104.5600000;104.5600000;723640
AFLT;60;29/11/19;110000;104.9200000;105.3400000;104.5000000;105.0000000;213440
AFLT;60;29/11/19;120000;104.9200000;105.3800000;104.9200000;105.3400000;172340
AFLT;60;29/11/19;130000;105.3400000;105.5800000;104.6400000;104.6800000;675480
AFLT;60;29/11/19;140000;104.6400000;104.7400000;103.0000000;103.3600000;1419740
AFLT;60;29/11/19;150000;103.3000000;103.8000000;103.1200000;103.4800000;924670
AFLT;60;29/11/19;160000;103.4800000;103.8400000;103.1600000;103.6800000;477040
AFLT;60;29/11/19;170000;103.6800000;103.7400000;103.2000000;103.3800000;420880
AFLT;60;29/11/19;180000;103.3800000;103.6400000;103.2000000;103.3200000;802440
AFLT;60;29/11/19;190000;103.3000000;103.3800000;102.6000000;102.8400000;1531810
AFLT;60;02/12/19;110000;102.9600000;104.2000000;102.9600000;103.9400000;853230
AFLT;60;02/12/19;120000;103.9800000;104.2400000;103.1800000;103.1800000;911040
AFLT;60;02/12/19;130000;103.2200000;103.4600000;102.6600000;102.7400000;1170510
AFLT;60;02/12/19;140000;102.7200000;102.9000000;102.3200000;102.6000000;816130
AFLT;60;02/12/19;150000;102.6000000;102.7600000;102.5400000;102.5800000;451770
AFLT;60;02/12/19;160000;102.5800000;102.7400000;102.4000000;102.4800000;379100
AFLT;60;02/12/19;170000;102.4800000;102.5000000;102.0400000;102.2800000;839510
AFLT;60;02/12/19;180000;102.2800000;102.3400000;101.7400000;102.2200000;806000
AFLT;60;02/12/19;190000;102.2200000;102.6000000;102.2000000;102.2400000;792060
AFLT;60;03/12/19;110000;102.2800000;102.4000000;101.3800000;101.5800000;873220
AFLT;60;03/12/19;120000;101.5000000;101.8000000;101.4000000;101.5400000;594940
AFLT;60;03/12/19;130000;101.5200000;101.7800000;101.3600000;101.5200000;402270
AFLT;60;03/12/19;140000;101.5200000;101.8200000;101.4800000;101.7000000;230990
AFLT;60;03/12/19;150000;101.7000000;101.8400000;101.6400000;101.7600000;265520
AFLT;60;03/12/19;160000;101.7400000;101.8000000;101.5600000;101.5800000;635440
AFLT;60;03/12/19;170000;101.6000000;101.6400000;101.4000000;101.5600000;643730
AFLT;60;03/12/19;180000;101.5600000;101.6000000;101.4200000;101.4400000;248390
AFLT;60;03/12/19;190000;101.4600000;101.5400000;100.4800000;100.7000000;806520
AFLT;60;04/12/19;110000;101.0200000;101.4400000;99.7600000;101.2600000;1014250
AFLT;60;04/12/19;120000;101.2400000;101.4400000;100.5400000;100.6000000;315090
AFLT;60;04/12/19;130000;100.6000000;101.0000000;99.9000000;100.2000000;784620
AFLT;60;04/12/19;140000;100.2400000;100.8200000;100.1200000;100.6200000;352960
AFLT;60;04/12/19;150000;100.6600000;101.4000000;100.6000000;101.3000000;500330
AFLT;60;04/12/19;160000;101.3600000;101.4400000;100.8600000;101.0800000;597080
AFLT;60;04/12/19;170000;101.1000000;101.2000000;100.8800000;101.1600000;299560
AFLT;60;04/12/19;180000;101.1600000;101.3200000;100.3600000;100.4200000;901280
AFLT;60;04/12/19;190000;100.3800000;101.2800000;100.3200000;101.2000000;691240
AFLT;60;05/12/19;110000;101.1800000;102.2400000;101.1800000;101.9400000;546200
AFLT;60;05/12/19;120000;101.9000000;101.9400000;101.7400000;101.7800000;152340
AFLT;60;05/12/19;130000;101.7800000;101.8000000;101.5000000;101.7400000;151030
AFLT;60;05/12/19;140000;101.7400000;101.8000000;101.5800000;101.7600000;100410
AFLT;60;05/12/19;150000;101.7200000;101.7800000;101.5600000;101.6800000;96490
AFLT;60;05/12/19;160000;101.7000000;102.4200000;101.6400000;102.2000000;305340
AFLT;60;05/12/19;170000;102.2000000;102.2800000;101.7800000;101.9400000;167860
AFLT;60;05/12/19;180000;101.9000000;102.2000000;101.9000000;101.9800000;79870
AFLT;60;05/12/19;190000;101.9800000;102.1800000;101.9600000;102.1800000;129000
AFLT;60;06/12/19;110000;102.3400000;102.6600000;102.0200000;102.2400000;323140
AFLT;60;06/12/19;120000;102.4000000;102.5200000;102.3000000;102.4800000;56130
AFLT;60;06/12/19;130000;102.4800000;102.5800000;102.3000000;102.4000000;83710
AFLT;60;06/12/19;140000;102.4000000;102.4000000;101.7000000;101.9200000;159680
AFLT;60;06/12/19;150000;101.9200000;101.9200000;101.7000000;101.8400000;55660
AFLT;60;06/12/19;160000;101.8400000;102.1400000;101.8200000;102.1200000;62570
AFLT;60;06/12/19;170000;102.1200000;102.1400000;101.8400000;101.9000000;92240
AFLT;60;06/12/19;180000;101.8800000;102.0600000;101.8000000;101.9400000;91330
AFLT;60;06/12/19;190000;101.9400000;102.2000000;101.9200000;102.2000000;121550
AFLT;60;09/12/19;110000;102.2200000;102.5400000;101.9000000;102.1400000;269240
AFLT;60;09/12/19;120000;102.1200000;102.1200000;101.8800000;102.0200000;111480
AFLT;60;09/12/19;130000;102.0200000;102.5400000;102.0000000;102.5400000;354480
AFLT;60;09/12/19;140000;102.5000000;102.6200000;102.3400000;102.3600000;118010
AFLT;60;09/12/19;150000;102.4000000;102.4400000;102.2400000;102.3800000;128560
AFLT;60;09/12/19;160000;102.4400000;102.5600000;102.3400000;102.4400000;87130
AFLT;60;09/12/19;170000;102.5200000;102.5400000;102.3600000;102.4600000;61980
AFLT;60;09/12/19;180000;102.4600000;102.9400000;102.4600000;102.9000000;281790
AFLT;60;09/12/19;190000;102.9000000;103.2000000;102.8200000;103.0800000;360330
AFLT;60;10/12/19;110000;102.7600000;103.1400000;102.7000000;102.7600000;233130
AFLT;60;10/12/19;120000;102.7600000;102.8600000;102.1200000;102.3000000;382580
AFLT;60;10/12/19;130000;102.3000000;102.4400000;102.0800000;102.2600000;205210
AFLT;60;10/12/19;140000;102.2800000;102.4600000;102.1600000;102.2000000;123770
AFLT;60;10/12/19;150000;102.2000000;102.2000000;101.6200000;101.7600000;545380
AFLT;60;10/12/19;160000;101.7600000;101.7600000;101.2000000;101.3800000;658730
AFLT;60;10/12/19;170000;101.3800000;101.8200000;101.3600000;101.6800000;268010
AFLT;60;10/12/19;180000;101.6600000;101.9000000;101.6000000;101.7400000;163610
AFLT;60;10/12/19;190000;101.7400000;102.0200000;101.7000000;102.0200000;271310
AFLT;60;11/12/19;110000;102.1600000;102.3800000;101.9200000;102.1200000;257270
AFLT;60;11/12/19;120000;102.1000000;102.4600000;102.0600000;102.2200000;702580
AFLT;60;11/12/19;130000;102.2600000;102.6000000;102.2000000;102.6000000;389170
AFLT;60;11/12/19;140000;102.5800000;103.5000000;102.5000000;102.9800000;1352780
AFLT;60;11/12/19;150000;102.9800000;103.3000000;102.9000000;103.2800000;1018060
AFLT;60;11/12/19;160000;103.2600000;103.4800000;103.0400000;103.1200000;915060
AFLT;60;11/12/19;170000;103.2200000;103.3000000;103.0400000;103.1800000;410930
AFLT;60;11/12/19;180000;103.1800000;104.0000000;103.1400000;103.5800000;1425670
AFLT;60;11/12/19;190000;103.5800000;104.0400000;103.5600000;103.9400000;1107580
AFLT;60;12/12/19;110000;104.0600000;105.8000000;104.0400000;105.5000000;3408600
AFLT;60;12/12/19;120000;105.4800000;105.8600000;105.1400000;105.5400000;1998280
AFLT;60;12/12/19;130000;105.5600000;105.8600000;105.2400000;105.3600000;972060
AFLT;60;12/12/19;140000;105.3800000;105.4600000;104.8400000;104.9800000;681420
AFLT;60;12/12/19;150000;104.9400000;105.3000000;104.1600000;105.2600000;1077330
AFLT;60;12/12/19;160000;105.2600000;105.3000000;104.9000000;105.0000000;416720
AFLT;60;12/12/19;170000;105.0200000;105.4000000;104.7800000;105.1600000;430190
AFLT;60;12/12/19;180000;105.1000000;105.8200000;105.0000000;105.5600000;676320
AFLT;60;12/12/19;190000;105.5600000;105.8600000;105.1000000;105.1000000;1035330
AFLT;60;13/12/19;110000;105.4600000;105.6600000;104.2400000;104.7400000;639940
AFLT;60;13/12/19;120000;104.7000000;104.9400000;104.3200000;104.5800000;737710
AFLT;60;13/12/19;130000;104.5800000;105.0000000;104.4200000;104.5000000;295720
AFLT;60;13/12/19;140000;104.4400000;104.7400000;104.4200000;104.5400000;300900
AFLT;60;13/12/19;150000;104.5200000;105.7000000;104.4200000;105.0800000;875680
AFLT;60;13/12/19;160000;105.0400000;105.0800000;104.8000000;104.8800000;185770
AFLT;60;13/12/19;170000;104.8600000;105.0200000;104.4800000;104.7200000;394670
AFLT;60;13/12/19;180000;104.7200000;104.8000000;104.4200000;104.7200000;321820
AFLT;60;13/12/19;190000;104.7000000;105.0200000;104.6800000;104.9800000;387040
AFLT;60;16/12/19;110000;105.1000000;105.4200000;104.5600000;104.6200000;468870
AFLT;60;16/12/19;120000;104.6200000;104.9400000;104.5200000;104.6800000;293100
AFLT;60;16/12/19;130000;104.7000000;105.0200000;104.4200000;104.7600000;1037650
AFLT;60;16/12/19;140000;104.7400000;105.1200000;104.5200000;105.0400000;621580
AFLT;60;16/12/19;150000;105.1000000;105.2000000;105.0200000;105.1000000;377360
AFLT;60;16/12/19;160000;105.1000000;105.2800000;104.9600000;105.2400000;344710
AFLT;60;16/12/19;170000;105.2400000;105.4400000;105.2000000;105.3800000;819770
AFLT;60;16/12/19;180000;105.3600000;105.4400000;105.1800000;105.2800000;674690
AFLT;60;16/12/19;190000;105.2400000;105.3000000;105.0400000;105.1000000;774960
AFLT;60;17/12/19;110000;104.9800000;106.0200000;104.9000000;105.4600000;770970
AFLT;60;17/12/19;120000;105.4800000;106.0000000;105.2600000;105.9200000;1008000
AFLT;60;17/12/19;130000;105.9200000;105.9600000;105.5800000;105.6600000;489570
AFLT;60;17/12/19;140000;105.6600000;105.7000000;105.3800000;105.5800000;439140
AFLT;60;17/12/19;150000;105.6000000;105.7000000;105.5800000;105.6200000;500890
AFLT;60;17/12/19;160000;105.6200000;105.7000000;105.4000000;105.5800000;621360
AFLT;60;17/12/19;170000;105.5600000;105.7000000;105.5200000;105.6000000;652810
AFLT;60;17/12/19;180000;105.5600000;105.7000000;105.4000000;105.6400000;687930
AFLT;60;17/12/19;190000;105.6800000;105.7600000;105.4000000;105.7600000;466550
AFLT;60;18/12/19;110000;105.7800000;105.8400000;104.8200000;104.8800000;836720
AFLT;60;18/12/19;120000;104.9200000;105.2200000;104.8000000;105.2200000;441870
AFLT;60;18/12/19;130000;105.2200000;105.4000000;105.1000000;105.3800000;349880
AFLT;60;18/12/19;140000;105.3800000;105.4800000;104.9600000;105.2200000;289990
AFLT;60;18/12/19;150000;105.2200000;105.6800000;105.0800000;105.2400000;380020
AFLT;60;18/12/19;160000;105.2400000;105.2400000;105.0200000;105.0600000;149060
AFLT;60;18/12/19;170000;105.0400000;105.2000000;104.9000000;105.0000000;303710
AFLT;60;18/12/19;180000;105.0000000;105.3200000;104.9200000;105.0400000;434270
AFLT;60;18/12/19;190000;105.0400000;105.1600000;104.9200000;105.0000000;639370
AFLT;60;19/12/19;110000;105.0400000;105.4000000;104.8800000;105.3000000;505890
AFLT;60;19/12/19;120000;105.2200000;105.3000000;104.8200000;104.9000000;481680
AFLT;60;19/12/19;130000;104.9400000;104.9600000;104.6000000;104.6800000;305100
AFLT;60;19/12/19;140000;104.6000000;104.7200000;104.1600000;104.3600000;614110
AFLT;60;19/12/19;150000;104.3400000;104.7200000;104.2200000;104.4800000;438580
AFLT;60;19/12/19;160000;104.5000000;105.0000000;104.4200000;104.8600000;632000
AFLT;60;19/12/19;170000;104.8600000;104.8600000;104.1600000;104.2000000;466040
AFLT;60;19/12/19;180000;104.2000000;104.5000000;104.0400000;104.4200000;364050
AFLT;60;19/12/19;190000;104.4800000;104.5000000;104.1400000;104.4800000;357340
AFLT;60;20/12/19;110000;104.4000000;104.8400000;104.0600000;104.3800000;232720
AFLT;60;20/12/19;120000;104.3800000;104.4000000;103.7000000;103.9800000;772790
AFLT;60;20/12/19;130000;103.9800000;104.2000000;103.8400000;103.8800000;302820
AFLT;60;20/12/19;140000;103.9200000;103.9200000;103.2000000;103.3800000;532280
AFLT;60;20/12/19;150000;103.3800000;103.7000000;103.3000000;103.6600000;210620
AFLT;60;20/12/19;160000;103.6200000;103.9200000;103.6200000;103.8000000;149570
AFLT;60;20/12/19;170000;103.7600000;103.8600000;103.6400000;103.6600000;144480
AFLT;60;20/12/19;180000;103.6800000;103.8200000;103.5400000;103.7400000;358530
AFLT;60;20/12/19;190000;103.7200000;103.7600000;103.5400000;103.7000000;1016170
AFLT;60;23/12/19;110000;103.9000000;104.1800000;103.5800000;103.6200000;537410
AFLT;60;23/12/19;120000;103.6200000;104.0200000;103.5200000;103.9600000;363680
AFLT;60;23/12/19;130000;103.8800000;104.1400000;103.7800000;103.9800000;322790
AFLT;60;23/12/19;140000;103.9800000;104.2400000;103.8000000;104.1000000;214130
AFLT;60;23/12/19;150000;104.1000000;104.1000000;103.9400000;104.0400000;323610
AFLT;60;23/12/19;160000;104.0600000;104.0800000;103.8000000;104.0000000;407350
AFLT;60;23/12/19;170000;104.0000000;104.0000000;103.8400000;103.9800000;319450
AFLT;60;23/12/19;180000;103.9800000;104.0000000;103.9000000;103.9600000;376550
AFLT;60;23/12/19;190000;103.9600000;104.1000000;103.7800000;104.0800000;443990
AFLT;60;24/12/19;110000;104.0600000;104.2000000;103.8600000;103.9200000;390910
AFLT;60;24/12/19;120000;103.9200000;104.0200000;103.5600000;103.6600000;474790
AFLT;60;24/12/19;130000;103.7000000;103.9000000;103.5600000;103.6000000;401950
AFLT;60;24/12/19;140000;103.6600000;103.6600000;103.3200000;103.6000000;402850
AFLT;60;24/12/19;150000;103.6200000;103.8400000;103.4200000;103.5000000;432590
AFLT;60;24/12/19;160000;103.5600000;103.6000000;103.4000000;103.5000000;211410
AFLT;60;24/12/19;170000;103.4600000;103.5200000;103.3400000;103.3600000;283610
AFLT;60;24/12/19;180000;103.3600000;103.3800000;103.0600000;103.0800000;433230
AFLT;60;24/12/19;190000;103.0800000;103.2200000;103.0400000;103.0800000;237800
AFLT;60;25/12/19;110000;103.2200000;103.4800000;103.1200000;103.1800000;211930
AFLT;60;25/12/19;120000;103.2400000;103.3000000;103.1600000;103.3000000;422850
AFLT;60;25/12/19;130000;103.3000000;103.3000000;103.2000000;103.2000000;76200
AFLT;60;25/12/19;140000;103.2400000;103.2400000;103.1200000;103.1800000;111400
AFLT;60;25/12/19;150000;103.1600000;103.2600000;103.0200000;103.2600000;204180
AFLT;60;25/12/19;160000;103.2400000;103.3000000;103.0000000;103.1600000;218660
AFLT;60;25/12/19;170000;103.1600000;103.1600000;102.8000000;102.9400000;217920
AFLT;60;25/12/19;180000;103.0000000;103.3000000;102.9400000;103.3000000;199080
AFLT;60;25/12/19;190000;103.2600000;103.3800000;103.0800000;103.3400000;157750
AFLT;60;26/12/19;110000;103.2800000;103.8800000;103.2000000;103.6400000;259810
AFLT;60;26/12/19;120000;103.6400000;103.7000000;103.5200000;103.5800000;192030
AFLT;60;26/12/19;130000;103.5800000;103.6600000;103.4400000;103.6600000;112630
AFLT;60;26/12/19;140000;103.6600000;103.6600000;103.5200000;103.5400000;56500
AFLT;60;26/12/19;150000;103.5600000;103.9200000;103.5200000;103.7800000;250160
AFLT;60;26/12/19;160000;103.7800000;103.9600000;103.7000000;103.8000000;97510
AFLT;60;26/12/19;170000;103.7400000;103.9600000;103.6800000;103.9400000;166990
AFLT;60;26/12/19;180000;103.9600000;104.0800000;103.7800000;104.0000000;219440
AFLT;60;26/12/19;190000;104.0000000;104.0200000;103.7800000;103.9400000;203200
AFLT;60;27/12/19;110000;103.8800000;104.3600000;103.8800000;104.2200000;252320
AFLT;60;27/12/19;120000;104.2200000;104.2200000;103.9000000;104.1400000;115090
AFLT;60;27/12/19;130000;104.1400000;104.2400000;103.9000000;104.0000000;206340
AFLT;60;27/12/19;140000;104.0000000;104.0000000;103.7200000;103.9600000;108720
AFLT;60;27/12/19;150000;103.9600000;104.0000000;103.8000000;103.9200000;236580
AFLT;60;27/12/19;160000;103.9200000;103.9200000;103.4200000;103.5800000;381490
AFLT;60;27/12/19;170000;103.5800000;103.8200000;103.4200000;103.7200000;722800
AFLT;60;27/12/19;180000;103.7200000;103.8800000;103.5200000;103.8800000;788420
AFLT;60;27/12/19;190000;103.8200000;103.9000000;103.7200000;103.7800000;256310
AFLT;60;30/12/19;110000;103.9000000;104.0800000;103.8200000;103.9400000;340830
AFLT;60;30/12/19;120000;103.9400000;104.1800000;103.8400000;103.9400000;274200
AFLT;60;30/12/19;130000;103.9400000;104.1000000;103.6200000;104.0200000;192110
AFLT;60;30/12/19;140000;104.0200000;104.0800000;103.8000000;103.8800000;126890
AFLT;60;30/12/19;150000;103.8800000;104.0400000;103.8400000;103.9600000;137130
AFLT;60;30/12/19;160000;104.0000000;104.1000000;103.9200000;104.0400000;134350
AFLT;60;30/12/19;170000;104.0400000;104.1200000;103.6800000;103.8200000;233790
AFLT;60;30/12/19;180000;103.8400000;103.8400000;103.5200000;103.6800000;230340
AFLT;60;30/12/19;190000;103.6600000;103.7400000;103.5000000;103.5000000;249340
