<TICKER>;<PER>;<DATE>;<TIME>;<OPEN>;<HIGH>;<LOW>;<CLOSE>;<VOL>
GAZP;60;01/09/17;110000;118.0200000;118.2600000;117.0600000;117.1900000;8463720
GAZP;60;01/09/17;120000;117.1600000;117.5800000;117.1000000;117.3300000;2193640
GAZP;60;01/09/17;130000;117.3100000;117.4600000;117.0700000;117.3300000;1345360
GAZP;60;01/09/17;140000;117.3500000;117.6700000;117.3000000;117.5300000;851870
GAZP;60;01/09/17;150000;117.5500000;117.8900000;117.4700000;117.4800000;1245460
GAZP;60;01/09/17;160000;117.5000000;117.5400000;117.0600000;117.2000000;1953330
GAZP;60;01/09/17;170000;117.2100000;117.3600000;117.0400000;117.2200000;3076810
GAZP;60;01/09/17;180000;117.2300000;117.4100000;117.1400000;117.3500000;1947950
GAZP;60;01/09/17;190000;117.3500000;117.5300000;117.1000000;117.4000000;1612440
GAZP;60;04/09/17;110000;117.0300000;117.2500000;116.5600000;116.8800000;3880540
GAZP;60;04/09/17;120000;116.8800000;117.4200000;116.8100000;117.1800000;1289090
GAZP;60;04/09/17;130000;117.2000000;117.5300000;117.0000000;117.0600000;1755440
GAZP;60;04/09/17;140000;117.0800000;117.3000000;116.9700000;117.0500000;496990
GAZP;60;04/09/17;150000;117.0500000;117.2300000;116.7600000;116.8100000;1275270
GAZP;60;04/09/17;160000;116.7900000;117.3300000;116.6700000;117.2500000;1643750
GAZP;60;04/09/17;170000;117.2500000;117.6500000;117.2500000;117.3500000;2349570
GAZP;60;04/09/17;180000;117.3700000;117.6500000;117.0500000;117.1700000;1790040
GAZP;60;04/09/17;190000;117.1700000;117.3000000;117.0000000;117.0000000;1457810
GAZP;60;05/09/17;110000;117.5500000;117.8900000;117.1800000;117.3800000;3441950
GAZP;60;05/09/17;120000;117.3900000;117.4200000;116.7500000;116.9400000;2409310
GAZP;60;05/09/17;130000;116.9300000;117.1700000;116.8900000;116.9600000;1389320
GAZP;60;05/09/17;140000;116.9600000;117.0500000;116.6100000;116.7500000;2099080
GAZP;60;05/09/17;150000;116.7500000;117.0500000;116.6100000;116.6500000;1453210
GAZP;60;05/09/17;160000;116.6400000;116.7000000;116.0600000;116.2800000;5254980
GAZP;60;05/09/17;170000;116.2600000;116.4800000;115.9000000;116.1400000;3594460
GAZP;60;05/09/17;180000;116.1200000;116.4400000;116.0200000;116.2600000;2632930
GAZP;60;05/09/17;190000;116.2600000;116.7000000;116.0000000;116.0000000;4265780
GAZP;60;06/09/17;110000;116.0000000;116.7400000;115.6600000;116.6200000;4615120
GAZP;60;06/09/17;120000;116.6000000;116.7000000;116.4100000;116.4400000;2131710
GAZP;60;06/09/17;130000;116.4500000;116.5900000;116.3900000;116.3900000;1062280
GAZP;60;06/09/17;140000;116.4000000;116.5000000;116.3300000;116.4000000;1024720
GAZP;60;06/09/17;150000;116.4400000;116.6800000;116.3500000;116.4200000;1714480
GAZP;60;06/09/17;160000;116.4300000;116.6400000;116.3700000;116.3900000;1925300
GAZP;60;06/09/17;170000;116.3800000;116.9000000;116.3800000;116.8800000;2171490
GAZP;60;06/09/17;180000;116.8800000;117.3800000;116.8000000;117.3000000;4993180
GAZP;60;06/09/17;190000;117.2900000;117.5800000;117.1400000;117.1400000;4748830
GAZP;60;07/09/17;110000;117.6100000;118.0900000;117.4900000;117.8400000;4883370
GAZP;60;07/09/17;120000;117.8400000;118.0300000;117.3800000;117.7200000;4859600
GAZP;60;07/09/17;130000;117.7200000;117.9900000;117.7000000;117.8400000;1454900
GAZP;60;07/09/17;140000;117.8200000;117.9100000;117.5100000;117.8300000;2830540
GAZP;60;07/09/17;150000;117.8200000;118.6300000;117.7900000;118.5200000;6672040
GAZP;60;07/09/17;160000;118.5300000;118.9500000;118.2700000;118.8100000;5567490
GAZP;60;07/09/17;170000;118.8300000;119.0300000;118.5400000;118.9300000;4056410
GAZP;60;07/09/17;180000;118.9300000;118.9700000;118.5700000;118.6800000;1982570
GAZP;60;07/09/17;190000;118.6500000;118.7000000;117.9500000;117.9500000;4752430
GAZP;60;08/09/17;110000;118.2000000;119.5300000;118.1600000;119.2100000;7523110
GAZP;60;08/09/17;120000;119.2200000;119.5300000;119.1500000;119.5000000;3850970
GAZP;60;08/09/17;130000;119.5000000;120.3500000;119.4400000;119.9700000;8958240
GAZP;60;08/09/17;140000;119.9500000;119.9800000;119.6700000;119.7700000;2209900
GAZP;60;08/09/17;150000;119.7700000;120.1700000;119.5600000;120.1400000;4120130
GAZP;60;08/09/17;160000;120.1300000;120.3200000;119.7000000;120.1300000;3212170
GAZP;60;08/09/17;170000;120.1300000;120.4500000;120.0000000;120.3200000;4206870
GAZP;60;08/09/17;180000;120.3300000;120.3800000;119.7300000;120.2100000;4447420
GAZP;60;08/09/17;190000;120.2100000;120.3500000;120.0200000;120.3400000;3296540
GAZP;60;11/09/17;110000;120.8100000;121.5000000;120.0000000;120.0600000;9707720
GAZP;60;11/09/17;120000;120.0800000;120.2300000;119.6300000;120.0300000;3924540
GAZP;60;11/09/17;130000;120.0300000;120.7000000;120.0100000;120.4800000;3282220
GAZP;60;11/09/17;140000;120.4800000;120.8400000;120.3400000;120.7000000;2189850
GAZP;60;11/09/17;150000;120.7000000;121.3300000;120.6500000;121.2800000;2543020
GAZP;60;11/09/17;160000;121.2800000;121.9400000;121.2000000;121.6700000;5802960
GAZP;60;11/09/17;170000;121.6500000;121.6800000;121.0300000;121.1300000;2729730
GAZP;60;11/09/17;180000;121.1100000;121.1300000;120.4100000;120.5900000;5386470
GAZP;60;11/09/17;190000;120.5900000;121.1300000;120.2100000;121.0000000;4663780
GAZP;60;12/09/17;110000;121.2200000;121.2600000;120.1600000;120.8800000;5397610
GAZP;60;12/09/17;120000;120.9000000;121.5800000;120.6900000;121.5300000;5276410
GAZP;60;12/09/17;130000;121.5200000;121.7300000;121.2700000;121.2900000;3107930
GAZP;60;12/09/17;140000;121.2800000;121.5800000;120.9200000;121.2900000;1932530
GAZP;60;12/09/17;150000;121.2900000;121.5400000;121.1000000;121.5300000;1303630
GAZP;60;12/09/17;160000;121.5300000;121.5800000;121.3000000;121.4900000;1214740
GAZP;60;12/09/17;170000;121.5100000;121.7500000;121.4300000;121.4800000;2006850
GAZP;60;12/09/17;180000;121.4500000;121.7500000;121.4500000;121.6700000;1859700
GAZP;60;12/09/17;190000;121.6700000;122.0000000;121.6000000;121.9900000;5128960
GAZP;60;13/09/17;110000;121.9900000;124.0000000;121.9900000;123.9900000;14005910
GAZP;60;13/09/17;120000;123.9700000;124.2200000;123.6000000;124.0000000;7984180
GAZP;60;13/09/17;130000;124.0000000;124.2600000;123.4100000;123.9000000;7627710
GAZP;60;13/09/17;140000;123.9000000;124.1500000;123.5500000;123.9700000;3731220
GAZP;60;13/09/17;150000;123.9800000;124.3800000;123.9300000;124.0600000;4040930
GAZP;60;13/09/17;160000;124.0700000;124.3800000;124.0600000;124.3200000;3827890
GAZP;60;13/09/17;170000;124.3200000;124.3800000;123.8400000;123.9100000;2601380
GAZP;60;13/09/17;180000;123.9200000;124.1800000;123.4500000;123.9700000;3783280
GAZP;60;13/09/17;190000;123.9700000;124.0900000;123.5500000;123.5500000;3607780
GAZP;60;14/09/17;110000;123.5700000;124.1900000;123.4400000;123.7300000;6850290
GAZP;60;14/09/17;120000;123.7300000;123.8500000;122.7900000;122.9300000;7578320
GAZP;60;14/09/17;130000;122.9500000;123.4700000;122.8400000;123.4700000;1849010
GAZP;60;14/09/17;140000;123.4700000;123.5800000;123.1500000;123.4000000;1673650
GAZP;60;14/09/17;150000;123.3800000;123.4500000;123.0000000;123.2600000;2251920
GAZP;60;14/09/17;160000;123.2600000;123.9400000;123.2000000;123.6100000;2595500
GAZP;60;14/09/17;170000;123.6500000;123.8900000;123.1700000;123.2100000;2364810
GAZP;60;14/09/17;180000;123.2100000;123.4900000;122.9800000;123.1300000;1822420
GAZP;60;14/09/17;190000;123.1400000;123.6800000;122.9800000;123.3300000;2466400
GAZP;60;15/09/17;110000;122.8900000;123.0000000;121.9200000;122.2200000;9061050
GAZP;60;15/09/17;120000;122.2200000;122.2300000;121.7500000;122.0300000;4960540
GAZP;60;15/09/17;130000;122.0000000;122.2400000;121.8100000;122.1800000;2529840
GAZP;60;15/09/17;140000;122.1600000;122.3900000;121.9100000;122.2900000;1690770
GAZP;60;15/09/17;150000;122.2900000;122.3600000;122.1500000;122.3000000;1018830
GAZP;60;15/09/17;160000;122.3300000;122.4500000;122.1500000;122.3800000;1323880
GAZP;60;15/09/17;170000;122.3600000;122.9700000;122.2700000;122.6700000;5617510
GAZP;60;15/09/17;180000;122.6700000;122.9000000;121.8500000;122.0300000;4357940
GAZP;60;15/09/17;190000;122.0400000;122.5000000;121.5900000;122.5000000;11266560
GAZP;60;18/09/17;110000;122.5000000;123.1900000;122.3000000;122.7600000;7450320
GAZP;60;18/09/17;120000;122.7900000;122.9000000;122.5000000;122.8900000;2449470
GAZP;60;18/09/17;130000;122.8900000;123.1400000;122.6400000;123.0500000;3053290
GAZP;60;18/09/17;140000;123.0500000;123.0500000;122.4500000;122.5400000;2640470
GAZP;60;18/09/17;150000;122.5200000;122.7100000;122.0700000;122.6800000;3558040
GAZP;60;18/09/17;160000;122.6800000;122.7600000;122.5000000;122.6200000;701290
GAZP;60;18/09/17;170000;122.6600000;123.3500000;122.6600000;123.1000000;4353430
GAZP;60;18/09/17;180000;123.1000000;123.1500000;122.6800000;122.8200000;1542640
GAZP;60;18/09/17;190000;122.8300000;122.9600000;122.6900000;122.7200000;1129190
GAZP;60;19/09/17;110000;122.7200000;122.8000000;121.7400000;121.8100000;6683280
GAZP;60;19/09/17;120000;121.8300000;122.0400000;121.4100000;121.7300000;4470800
GAZP;60;19/09/17;130000;121.7100000;121.7900000;121.4200000;121.4200000;2736430
GAZP;60;19/09/17;140000;121.4600000;121.5000000;121.1100000;121.1300000;4887170
GAZP;60;19/09/17;150000;121.1300000;121.5800000;121.0500000;121.4100000;3468390
GAZP;60;19/09/17;160000;121.4100000;121.8900000;121.3300000;121.7500000;2709260
GAZP;60;19/09/17;170000;121.8000000;121.9000000;121.5300000;121.8000000;2339700
GAZP;60;19/09/17;180000;121.8000000;121.9400000;121.5700000;121.7300000;2376270
GAZP;60;19/09/17;190000;121.7300000;121.7900000;121.5000000;121.7500000;2424550
GAZP;60;20/09/17;110000;121.8800000;122.1700000;121.5300000;121.9200000;5223310
GAZP;60;20/09/17;120000;121.9100000;122.4300000;121.8500000;121.9200000;4001030
GAZP;60;20/09/17;130000;121.9200000;122.3000000;121.8000000;122.2100000;4560130
GAZP;60;20/09/17;140000;122.2100000;122.2500000;121.6000000;121.7000000;1876220
GAZP;60;20/09/17;150000;121.7000000;122.0700000;121.5200000;122.0000000;1602780
GAZP;60;20/09/17;160000;122.0000000;122.1800000;121.5500000;121.8400000;1676340
GAZP;60;20/09/17;170000;121.8400000;122.0900000;121.6500000;121.8200000;1863330
GAZP;60;20/09/17;180000;121.8200000;122.1900000;121.7400000;122.1400000;1964070
GAZP;60;20/09/17;190000;122.1400000;122.2600000;121.7800000;122.2500000;3211220
GAZP;60;21/09/17;110000;122.1100000;122.2500000;121.6100000;121.6300000;5288240
GAZP;60;21/09/17;120000;121.6500000;121.9500000;121.6300000;121.9100000;4310570
GAZP;60;21/09/17;130000;121.8700000;122.3800000;121.8600000;122.1900000;3458520
GAZP;60;21/09/17;140000;122.1900000;122.8300000;122.1500000;122.5900000;5118470
GAZP;60;21/09/17;150000;122.6200000;122.8400000;122.5100000;122.7200000;1893510
GAZP;60;21/09/17;160000;122.7200000;123.2000000;122.7200000;123.0800000;5754850
GAZP;60;21/09/17;170000;123.0800000;123.0800000;122.2200000;122.4100000;2791300
GAZP;60;21/09/17;180000;122.4200000;122.6800000;122.3500000;122.5200000;4215870
GAZP;60;21/09/17;190000;122.5000000;122.6500000;122.3100000;122.3400000;2373190
GAZP;60;22/09/17;110000;122.3600000;122.4300000;121.3000000;121.9400000;6613190
GAZP;60;22/09/17;120000;121.9400000;122.1200000;121.6900000;121.8900000;1018210
GAZP;60;22/09/17;130000;121.9000000;122.2900000;121.7700000;122.2000000;1209400
GAZP;60;22/09/17;140000;122.1600000;122.4600000;122.1000000;122.2600000;1259100
GAZP;60;22/09/17;150000;122.2800000;122.3800000;121.9500000;122.1000000;950150
GAZP;60;22/09/17;160000;122.0700000;122.2400000;122.0100000;122.1100000;842110
GAZP;60;22/09/17;170000;122.0900000;122.2500000;121.8300000;122.2000000;1739820
GAZP;60;22/09/17;180000;122.2000000;122.4300000;121.8500000;121.9700000;3251640
GAZP;60;22/09/17;190000;121.9400000;121.9900000;121.6000000;121.9500000;2281210
GAZP;60;25/09/17;110000;121.9800000;122.2800000;121.9000000;122.1800000;1913790
GAZP;60;25/09/17;120000;122.1800000;122.2000000;121.9500000;122.0100000;909030
GAZP;60;25/09/17;130000;122.0100000;122.2000000;121.9500000;122.1000000;2177440
GAZP;60;25/09/17;140000;122.1000000;122.4000000;122.1000000;122.3100000;2513250
GAZP;60;25/09/17;150000;122.3000000;123.6000000;122.2000000;123.5300000;7066790
GAZP;60;25/09/17;160000;123.5700000;123.5800000;123.1600000;123.5300000;2286390
GAZP;60;25/09/17;170000;123.5400000;123.5900000;123.3000000;123.4400000;3523070
GAZP;60;25/09/17;180000;123.4400000;123.5200000;122.9200000;123.1600000;4855230
GAZP;60;25/09/17;190000;123.1400000;123.2000000;122.7900000;123.0300000;2961850
GAZP;60;26/09/17;110000;123.2700000;124.1900000;123.1400000;124.1500000;7658310
GAZP;60;26/09/17;120000;124.1400000;124.1500000;123.7000000;123.9500000;4215450
GAZP;60;26/09/17;130000;123.9400000;123.9800000;123.6900000;123.9200000;1514150
GAZP;60;26/09/17;140000;123.9200000;123.9500000;123.7300000;123.8100000;906880
GAZP;60;26/09/17;150000;123.8500000;123.9500000;123.5100000;123.8800000;1645340
GAZP;60;26/09/17;160000;123.8300000;123.8700000;123.5400000;123.7000000;1025850
GAZP;60;26/09/17;170000;123.7000000;123.8300000;123.3400000;123.6100000;1980810
GAZP;60;26/09/17;180000;123.6200000;123.7500000;123.0200000;123.2700000;3044600
GAZP;60;26/09/17;190000;123.2700000;123.3800000;122.8400000;123.0300000;3704550
GAZP;60;27/09/17;110000;123.1800000;123.6400000;122.7100000;122.8300000;5329580
GAZP;60;27/09/17;120000;122.8000000;122.9500000;122.4600000;122.6700000;2781420
GAZP;60;27/09/17;130000;122.6200000;123.0000000;122.5100000;122.9700000;2195140
GAZP;60;27/09/17;140000;122.9600000;123.2700000;122.7900000;123.2100000;1429260
GAZP;60;27/09/17;150000;123.1900000;123.5500000;123.0000000;123.3300000;2196320
GAZP;60;27/09/17;160000;123.3700000;123.5900000;123.2700000;123.4800000;1863220
GAZP;60;27/09/17;170000;123.4900000;123.6800000;122.9500000;123.0300000;2294410
GAZP;60;27/09/17;180000;123.0300000;123.5800000;122.8500000;123.0000000;2571130
GAZP;60;27/09/17;190000;123.0000000;123.4000000;122.8500000;123.3600000;1825030
GAZP;60;28/09/17;110000;123.2800000;123.4000000;122.8700000;123.2100000;3472250
GAZP;60;28/09/17;120000;123.2000000;123.4800000;122.8600000;123.4500000;2363440
GAZP;60;28/09/17;130000;123.4500000;123.6200000;123.1100000;123.2000000;2117500
GAZP;60;28/09/17;140000;123.1800000;123.3000000;123.0700000;123.1200000;969340
GAZP;60;28/09/17;150000;123.1000000;123.1500000;122.9100000;123.0700000;1959020
GAZP;60;28/09/17;160000;123.0600000;123.2600000;122.9000000;122.9900000;1560040
GAZP;60;28/09/17;170000;123.0400000;123.0600000;122.7000000;122.7400000;1956480
GAZP;60;28/09/17;180000;122.7600000;122.8000000;122.1300000;122.4800000;4780470
GAZP;60;28/09/17;190000;122.4800000;122.5500000;122.1100000;122.5000000;3431520
GAZP;60;29/09/17;110000;122.5000000;122.8100000;122.1600000;122.3400000;2767720
GAZP;60;29/09/17;120000;122.3300000;122.6300000;122.2700000;122.3900000;1158550
GAZP;60;29/09/17;130000;122.4200000;122.4900000;122.1600000;122.2000000;1001590
GAZP;60;29/09/17;140000;122.1900000;122.2800000;121.9000000;122.0400000;2251090
GAZP;60;29/09/17;150000;122.0500000;122.3600000;121.9500000;122.1600000;1016000
GAZP;60;29/09/17;160000;122.1500000;122.2700000;121.7800000;121.8600000;1983920
GAZP;60;29/09/17;170000;121.8700000;122.3000000;121.7000000;122.2200000;3424540
GAZP;60;29/09/17;180000;122.2100000;122.2900000;121.8100000;122.0900000;1433550
GAZP;60;29/09/17;190000;122.0600000;122.2000000;121.8700000;122.2000000;2145420
