<TICKER>;<PER>;<DATE>;<TIME>;<OPEN>;<HIGH>;<LOW>;<CLOSE>;<VOL>
LKOH;60;31/03/17;110000;2983.5000000;2994.0000000;2969.0000000;2981.0000000;66164
LKOH;60;31/03/17;120000;2981.5000000;2995.5000000;2975.5000000;2987.5000000;28902
LKOH;60;31/03/17;130000;2986.5000000;3002.0000000;2978.0000000;2999.0000000;31073
LKOH;60;31/03/17;140000;2999.0000000;3002.0000000;2986.5000000;2993.0000000;20597
LKOH;60;31/03/17;150000;2993.5000000;3000.5000000;2986.0000000;2994.0000000;22992
LKOH;60;31/03/17;160000;2993.0000000;2997.0000000;2983.5000000;2988.0000000;15857
LKOH;60;31/03/17;170000;2988.0000000;3000.5000000;2986.0000000;3000.0000000;33030
LKOH;60;31/03/17;180000;2999.5000000;3003.5000000;2971.5000000;2986.5000000;172851
LKOH;60;31/03/17;190000;2986.0000000;2996.5000000;2981.0000000;2981.0000000;140450
LKOH;60;03/04/17;110000;2990.0000000;3015.0000000;2979.5000000;3001.0000000;106835
LKOH;60;03/04/17;120000;3001.0000000;3016.0000000;2999.5000000;3010.0000000;31783
LKOH;60;03/04/17;130000;3010.0000000;3023.0000000;3010.0000000;3020.5000000;25472
LKOH;60;03/04/17;140000;3020.5000000;3027.0000000;3016.0000000;3024.5000000;28042
LKOH;60;03/04/17;150000;3024.5000000;3026.5000000;3019.5000000;3024.5000000;12041
LKOH;60;03/04/17;160000;3024.0000000;3024.0000000;3009.0000000;3017.5000000;19372
LKOH;60;03/04/17;170000;3018.5000000;3023.5000000;3008.0000000;3018.5000000;40333
LKOH;60;03/04/17;180000;3019.5000000;3025.0000000;3013.0000000;3016.0000000;52778
LKOH;60;03/04/17;190000;3017.0000000;3027.0000000;3005.5000000;3026.5000000;39483
LKOH;60;04/04/17;110000;3014.0000000;3042.0000000;3014.0000000;3038.0000000;50675
LKOH;60;04/04/17;120000;3039.0000000;3049.0000000;3029.5000000;3034.5000000;48277
LKOH;60;04/04/17;130000;3034.5000000;3048.0000000;3031.5000000;3039.0000000;42424
LKOH;60;04/04/17;140000;3036.5000000;3055.0000000;3033.0000000;3050.5000000;59617
LKOH;60;04/04/17;150000;3051.5000000;3063.0000000;3051.0000000;3058.0000000;47042
LKOH;60;04/04/17;160000;3058.0000000;3059.5000000;3038.5000000;3048.5000000;41959
LKOH;60;04/04/17;170000;3048.5000000;3052.0000000;3032.5000000;3035.5000000;27684
LKOH;60;04/04/17;180000;3035.5000000;3051.0000000;3030.0000000;3047.5000000;87755
LKOH;60;04/04/17;190000;3048.0000000;3057.0000000;3045.0000000;3050.0000000;50097
LKOH;60;05/04/17;110000;3058.5000000;3063.5000000;3043.5000000;3057.0000000;92873
LKOH;60;05/04/17;120000;3057.0000000;3059.5000000;3051.0000000;3056.5000000;38635
LKOH;60;05/04/17;130000;3056.5000000;3060.0000000;3051.0000000;3056.0000000;40068
LKOH;60;05/04/17;140000;3053.5000000;3059.0000000;3052.5000000;3053.0000000;23301
LKOH;60;05/04/17;150000;3053.0000000;3062.0000000;3053.0000000;3053.5000000;67980
LKOH;60;05/04/17;160000;3053.5000000;3058.0000000;3044.0000000;3052.0000000;49223
LKOH;60;05/04/17;170000;3052.0000000;3060.0000000;3050.0000000;3055.5000000;30347
LKOH;60;05/04/17;180000;3056.0000000;3059.5000000;3042.5000000;3043.5000000;67642
LKOH;60;05/04/17;190000;3043.5000000;3057.0000000;3030.0000000;3057.0000000;127814
LKOH;60;06/04/17;110000;3045.5000000;3050.5000000;3026.0000000;3043.5000000;78644
LKOH;60;06/04/17;120000;3043.5000000;3063.0000000;3043.5000000;3060.5000000;63964
LKOH;60;06/04/17;130000;3060.5000000;3063.0000000;3052.0000000;3052.0000000;32080
LKOH;60;06/04/17;140000;3052.5000000;3065.0000000;3050.0000000;3060.0000000;44623
LKOH;60;06/04/17;150000;3060.0000000;3062.5000000;3049.0000000;3053.5000000;34938
LKOH;60;06/04/17;160000;3053.0000000;3058.5000000;3045.5000000;3056.0000000;39874
LKOH;60;06/04/17;170000;3056.0000000;3058.0000000;3035.5000000;3048.5000000;46627
LKOH;60;06/04/17;180000;3050.0000000;3054.5000000;3032.0000000;3042.0000000;39679
LKOH;60;06/04/17;190000;3043.0000000;3063.0000000;3043.0000000;3057.5000000;91008
LKOH;60;07/04/17;110000;3040.0000000;3057.5000000;3011.0000000;3016.5000000;129177
LKOH;60;07/04/17;120000;3017.5000000;3019.5000000;2973.0000000;2985.5000000;160287
LKOH;60;07/04/17;130000;2988.5000000;2994.0000000;2977.0000000;2983.0000000;41973
LKOH;60;07/04/17;140000;2983.0000000;2990.0000000;2971.5000000;2989.5000000;52875
LKOH;60;07/04/17;150000;2988.0000000;2999.5000000;2963.0000000;2976.0000000;138530
LKOH;60;07/04/17;160000;2975.0000000;2978.0000000;2955.0000000;2966.5000000;83872
LKOH;60;07/04/17;170000;2966.0000000;2997.0000000;2957.0000000;2982.5000000;75167
LKOH;60;07/04/17;180000;2982.5000000;2997.5000000;2975.5000000;2987.0000000;75618
LKOH;60;07/04/17;190000;2987.5000000;2997.5000000;2980.5000000;2991.0000000;42125
LKOH;60;10/04/17;110000;2981.0000000;2989.0000000;2948.0000000;2958.0000000;143307
LKOH;60;10/04/17;120000;2958.5000000;2969.0000000;2930.0000000;2932.0000000;138783
LKOH;60;10/04/17;130000;2930.5000000;2944.0000000;2930.0000000;2939.5000000;72395
LKOH;60;10/04/17;140000;2939.5000000;2953.0000000;2923.5000000;2949.5000000;88657
LKOH;60;10/04/17;150000;2947.0000000;2963.5000000;2942.5000000;2960.0000000;30681
LKOH;60;10/04/17;160000;2960.0000000;2973.5000000;2949.0000000;2967.0000000;50931
LKOH;60;10/04/17;170000;2967.0000000;2975.0000000;2949.5000000;2950.0000000;61669
LKOH;60;10/04/17;180000;2950.5000000;2967.5000000;2949.0000000;2964.5000000;69563
LKOH;60;10/04/17;190000;2962.5000000;2966.5000000;2953.0000000;2956.0000000;38763
LKOH;60;11/04/17;110000;2954.5000000;2979.0000000;2941.0000000;2962.5000000;102969
LKOH;60;11/04/17;120000;2962.5000000;2972.0000000;2956.0000000;2971.5000000;37609
LKOH;60;11/04/17;130000;2971.5000000;2973.5000000;2964.0000000;2965.5000000;29161
LKOH;60;11/04/17;140000;2963.5000000;2996.5000000;2960.0000000;2987.0000000;71800
LKOH;60;11/04/17;150000;2987.5000000;2992.0000000;2978.5000000;2987.5000000;15046
LKOH;60;11/04/17;160000;2987.5000000;2991.5000000;2964.0000000;2982.5000000;35636
LKOH;60;11/04/17;170000;2982.0000000;2994.5000000;2960.5000000;2965.5000000;73390
LKOH;60;11/04/17;180000;2966.5000000;2970.5000000;2950.0000000;2957.0000000;73809
LKOH;60;11/04/17;190000;2955.5000000;2970.5000000;2954.0000000;2968.0000000;54394
LKOH;60;12/04/17;110000;2980.0000000;2984.0000000;2951.0000000;2976.5000000;65875
LKOH;60;12/04/17;120000;2976.5000000;2983.0000000;2959.0000000;2979.0000000;23275
LKOH;60;12/04/17;130000;2979.5000000;2985.0000000;2958.0000000;2959.0000000;25960
LKOH;60;12/04/17;140000;2960.0000000;2965.5000000;2953.5000000;2965.0000000;32148
LKOH;60;12/04/17;150000;2966.0000000;2966.0000000;2932.5000000;2942.5000000;89284
LKOH;60;12/04/17;160000;2941.5000000;2951.0000000;2927.0000000;2929.0000000;37260
LKOH;60;12/04/17;170000;2927.5000000;2936.0000000;2915.5000000;2919.5000000;57673
LKOH;60;12/04/17;180000;2920.0000000;2942.0000000;2913.0000000;2931.0000000;117179
LKOH;60;12/04/17;190000;2930.0000000;2949.5000000;2908.0000000;2949.5000000;122091
LKOH;60;13/04/17;110000;2952.0000000;2958.0000000;2903.0000000;2910.0000000;156039
LKOH;60;13/04/17;120000;2910.0000000;2916.0000000;2866.0000000;2885.0000000;197019
LKOH;60;13/04/17;130000;2884.0000000;2920.0000000;2884.0000000;2903.5000000;58887
LKOH;60;13/04/17;140000;2902.5000000;2918.0000000;2899.5000000;2906.5000000;44775
LKOH;60;13/04/17;150000;2907.5000000;2925.0000000;2905.0000000;2923.0000000;44208
LKOH;60;13/04/17;160000;2923.0000000;2932.0000000;2886.0000000;2887.0000000;56069
LKOH;60;13/04/17;170000;2888.5000000;2913.0000000;2881.0000000;2903.5000000;44503
LKOH;60;13/04/17;180000;2907.0000000;2921.0000000;2900.0000000;2903.0000000;34096
LKOH;60;13/04/17;190000;2905.0000000;2923.0000000;2902.5000000;2910.0000000;54024
LKOH;60;14/04/17;110000;2910.0000000;2910.0000000;2881.5000000;2887.0000000;19233
LKOH;60;14/04/17;120000;2887.5000000;2899.0000000;2884.0000000;2895.0000000;7047
LKOH;60;14/04/17;130000;2895.5000000;2900.0000000;2895.0000000;2899.0000000;3448
LKOH;60;14/04/17;140000;2899.0000000;2899.5000000;2893.5000000;2896.5000000;1017
LKOH;60;14/04/17;150000;2896.5000000;2899.5000000;2894.0000000;2894.5000000;5339
LKOH;60;14/04/17;160000;2894.0000000;2895.0000000;2883.0000000;2886.0000000;6481
LKOH;60;14/04/17;170000;2886.0000000;2886.0000000;2867.5000000;2875.5000000;36643
LKOH;60;14/04/17;180000;2877.5000000;2879.0000000;2860.0000000;2861.0000000;24508
LKOH;60;14/04/17;190000;2861.0000000;2864.5000000;2856.0000000;2864.5000000;33072
LKOH;60;17/04/17;110000;2849.5000000;2864.5000000;2842.5000000;2861.0000000;38970
LKOH;60;17/04/17;120000;2861.5000000;2862.0000000;2836.0000000;2851.5000000;40979
LKOH;60;17/04/17;130000;2851.5000000;2851.5000000;2835.0000000;2843.5000000;21004
LKOH;60;17/04/17;140000;2845.0000000;2855.0000000;2836.5000000;2853.5000000;18583
LKOH;60;17/04/17;150000;2853.5000000;2863.5000000;2850.0000000;2860.0000000;25060
LKOH;60;17/04/17;160000;2859.5000000;2877.0000000;2853.5000000;2866.5000000;36115
LKOH;60;17/04/17;170000;2867.5000000;2890.0000000;2852.5000000;2879.0000000;37957
LKOH;60;17/04/17;180000;2879.0000000;2886.5000000;2870.5000000;2886.5000000;14237
LKOH;60;17/04/17;190000;2886.5000000;2889.0000000;2876.0000000;2880.0000000;28505
LKOH;60;18/04/17;110000;2880.0000000;2893.5000000;2861.0000000;2866.0000000;51361
LKOH;60;18/04/17;120000;2865.5000000;2875.0000000;2859.0000000;2859.5000000;28052
LKOH;60;18/04/17;130000;2859.5000000;2867.5000000;2845.0000000;2856.0000000;39991
LKOH;60;18/04/17;140000;2856.0000000;2856.5000000;2840.0000000;2846.0000000;21820
LKOH;60;18/04/17;150000;2846.0000000;2854.5000000;2835.0000000;2839.0000000;25564
LKOH;60;18/04/17;160000;2837.5000000;2842.0000000;2816.5000000;2824.5000000;43240
LKOH;60;18/04/17;170000;2823.5000000;2839.0000000;2820.0000000;2837.0000000;134813
LKOH;60;18/04/17;180000;2837.5000000;2860.5000000;2831.0000000;2838.0000000;56421
LKOH;60;18/04/17;190000;2838.0000000;2843.5000000;2827.0000000;2828.5000000;76577
LKOH;60;19/04/17;110000;2831.0000000;2858.0000000;2822.5000000;2852.0000000;110839
LKOH;60;19/04/17;120000;2852.5000000;2854.0000000;2840.0000000;2848.5000000;44217
LKOH;60;19/04/17;130000;2848.0000000;2867.0000000;2847.0000000;2863.0000000;49320
LKOH;60;19/04/17;140000;2862.0000000;2880.0000000;2857.0000000;2879.0000000;58169
LKOH;60;19/04/17;150000;2879.5000000;2879.5000000;2858.5000000;2860.0000000;40928
LKOH;60;19/04/17;160000;2860.0000000;2878.5000000;2860.0000000;2871.5000000;59233
LKOH;60;19/04/17;170000;2871.5000000;2892.0000000;2868.0000000;2871.0000000;230706
LKOH;60;19/04/17;180000;2872.0000000;2879.0000000;2850.0000000;2853.0000000;107446
LKOH;60;19/04/17;190000;2853.0000000;2878.5000000;2852.0000000;2859.0000000;102121
LKOH;60;20/04/17;110000;2845.5000000;2871.5000000;2828.0000000;2832.5000000;183240
LKOH;60;20/04/17;120000;2832.5000000;2840.0000000;2824.0000000;2834.5000000;53957
LKOH;60;20/04/17;130000;2834.5000000;2836.0000000;2823.0000000;2831.0000000;44939
LKOH;60;20/04/17;140000;2831.0000000;2833.0000000;2817.5000000;2822.0000000;52260
LKOH;60;20/04/17;150000;2820.5000000;2821.5000000;2810.0000000;2813.5000000;42073
LKOH;60;20/04/17;160000;2812.0000000;2837.0000000;2805.0000000;2828.0000000;109043
LKOH;60;20/04/17;170000;2829.0000000;2843.5000000;2816.0000000;2827.5000000;80083
LKOH;60;20/04/17;180000;2827.0000000;2835.0000000;2816.5000000;2824.0000000;55925
LKOH;60;20/04/17;190000;2824.0000000;2858.0000000;2823.0000000;2858.0000000;77849
LKOH;60;21/04/17;110000;2859.5000000;2868.0000000;2845.5000000;2868.0000000;71582
LKOH;60;21/04/17;120000;2867.5000000;2870.0000000;2856.0000000;2864.5000000;67896
LKOH;60;21/04/17;130000;2863.0000000;2867.5000000;2856.5000000;2867.0000000;24422
LKOH;60;21/04/17;140000;2867.0000000;2868.0000000;2859.5000000;2864.0000000;19841
LKOH;60;21/04/17;150000;2864.0000000;2865.5000000;2850.5000000;2854.0000000;38885
LKOH;60;21/04/17;160000;2854.0000000;2865.0000000;2852.5000000;2858.0000000;16490
LKOH;60;21/04/17;170000;2857.5000000;2861.0000000;2846.0000000;2851.0000000;41527
LKOH;60;21/04/17;180000;2851.0000000;2862.5000000;2841.5000000;2844.0000000;42010
LKOH;60;21/04/17;190000;2844.0000000;2850.0000000;2826.0000000;2850.0000000;95481
LKOH;60;24/04/17;110000;2875.0000000;2892.0000000;2865.0000000;2878.5000000;99306
LKOH;60;24/04/17;120000;2878.0000000;2913.0000000;2875.0000000;2912.5000000;167478
LKOH;60;24/04/17;130000;2912.5000000;2923.0000000;2901.0000000;2902.5000000;90658
LKOH;60;24/04/17;140000;2904.5000000;2912.0000000;2900.5000000;2908.0000000;29346
LKOH;60;24/04/17;150000;2907.0000000;2914.5000000;2905.0000000;2914.5000000;19370
LKOH;60;24/04/17;160000;2915.0000000;2924.5000000;2911.5000000;2917.0000000;114188
LKOH;60;24/04/17;170000;2917.0000000;2921.5000000;2902.5000000;2917.0000000;88373
LKOH;60;24/04/17;180000;2917.5000000;2919.0000000;2903.0000000;2910.0000000;58923
LKOH;60;24/04/17;190000;2910.5000000;2919.0000000;2906.0000000;2919.0000000;58349
LKOH;60;25/04/17;110000;2928.0000000;2928.0000000;2887.0000000;2906.5000000;114039
LKOH;60;25/04/17;120000;2906.5000000;2936.0000000;2903.0000000;2930.5000000;67941
LKOH;60;25/04/17;130000;2931.5000000;2936.0000000;2919.5000000;2929.0000000;46786
LKOH;60;25/04/17;140000;2929.0000000;2934.5000000;2916.0000000;2929.0000000;28192
LKOH;60;25/04/17;150000;2928.0000000;2935.0000000;2926.5000000;2933.0000000;22285
LKOH;60;25/04/17;160000;2932.5000000;2934.5000000;2924.0000000;2929.5000000;36781
LKOH;60;25/04/17;170000;2930.0000000;2930.5000000;2909.0000000;2922.5000000;58962
LKOH;60;25/04/17;180000;2921.5000000;2933.5000000;2918.5000000;2932.0000000;51905
LKOH;60;25/04/17;190000;2932.0000000;2957.5000000;2927.0000000;2957.0000000;163867
LKOH;60;26/04/17;110000;2962.0000000;2972.0000000;2945.0000000;2958.0000000;84490
LKOH;60;26/04/17;120000;2957.0000000;2967.0000000;2932.0000000;2941.5000000;85686
LKOH;60;26/04/17;130000;2941.5000000;2953.5000000;2933.5000000;2952.5000000;24777
LKOH;60;26/04/17;140000;2953.0000000;2953.5000000;2938.0000000;2944.5000000;21976
LKOH;60;26/04/17;150000;2945.5000000;2953.0000000;2935.0000000;2939.0000000;32209
LKOH;60;26/04/17;160000;2939.5000000;2944.5000000;2922.0000000;2943.5000000;39124
LKOH;60;26/04/17;170000;2943.5000000;2949.5000000;2937.0000000;2946.5000000;29157
LKOH;60;26/04/17;180000;2946.5000000;2974.5000000;2941.0000000;2972.0000000;81161
LKOH;60;26/04/17;190000;2972.0000000;2984.5000000;2959.0000000;2970.0000000;126599
LKOH;60;27/04/17;110000;2960.0000000;2964.5000000;2923.0000000;2932.5000000;107178
LKOH;60;27/04/17;120000;2933.0000000;2942.5000000;2906.5000000;2912.0000000;119003
LKOH;60;27/04/17;130000;2911.5000000;2921.0000000;2911.5000000;2917.5000000;36953
LKOH;60;27/04/17;140000;2917.5000000;2917.5000000;2895.0000000;2900.0000000;92833
LKOH;60;27/04/17;150000;2899.5000000;2919.5000000;2897.5000000;2910.0000000;48128
LKOH;60;27/04/17;160000;2908.0000000;2918.0000000;2900.5000000;2916.5000000;58366
LKOH;60;27/04/17;170000;2916.5000000;2923.0000000;2902.5000000;2903.0000000;68416
LKOH;60;27/04/17;180000;2903.0000000;2906.0000000;2886.5000000;2887.0000000;98531
LKOH;60;27/04/17;190000;2887.0000000;2891.5000000;2878.0000000;2885.0000000;61775
LKOH;60;28/04/17;110000;2895.0000000;2902.5000000;2862.0000000;2866.0000000;231256
LKOH;60;28/04/17;120000;2866.5000000;2870.0000000;2842.0000000;2845.5000000;186822
LKOH;60;28/04/17;130000;2845.5000000;2849.5000000;2834.0000000;2837.5000000;69835
LKOH;60;28/04/17;140000;2837.0000000;2850.5000000;2832.5000000;2846.0000000;67840
LKOH;60;28/04/17;150000;2844.0000000;2847.5000000;2834.0000000;2842.0000000;65549
LKOH;60;28/04/17;160000;2842.5000000;2845.5000000;2839.0000000;2841.0000000;43930
LKOH;60;28/04/17;170000;2841.0000000;2842.5000000;2819.0000000;2824.0000000;128942
LKOH;60;28/04/17;180000;2822.0000000;2835.5000000;2814.0000000;2834.0000000;102311
LKOH;60;28/04/17;190000;2833.5000000;2835.5000000;2818.0000000;2818.0000000;141349
